2 232 35 
3 65 188 219 
3 137 271 126 
3 54 96 238 
3 221 29 16 
3 136 117 186 
3 273 269 135 
3 167 230 201 
2 32 255 
3 216 277 31 
3 87 122 145 
3 74 89 262 
3 15 197 37 
3 18 160 123 
3 57 283 94 
3 180 224 264 
3 168 102 10 
3 108 172 205 
3 296 128 250 
3 33 244 55 
3 116 222 289 
3 275 14 242 
3 24 121 297 
3 95 177 279 
3 290 163 97 
3 60 42 1 
3 225 190 233 
3 150 147 178 
3 263 235 84 
3 63 93 153 
3 187 90 189 
3 0 281 51 
3 34 28 98 
3 110 185 182 
3 103 239 17 
3 179 174 115 
3 75 86 43 
3 85 284 292 
3 148 282 78 
3 294 146 152 
3 99 241 67 
3 72 214 100 
3 88 204 142 
3 8 158 112 
3 159 253 196 
3 161 236 141 
3 203 209 59 
3 218 114 256 
3 92 61 194 
3 21 124 257 
3 38 70 278 
3 166 248 2 
3 285 76 272 
3 56 140 9 
3 144 6 206 
3 226 131 175 
3 129 101 169 
3 44 291 173 
3 198 45 274 
3 125 119 211 
4 36 213 5 165 
3 245 287 149 
3 156 25 52 
3 79 199 208 
3 267 83 77 
3 58 22 46 
3 259 82 106 
3 113 139 183 
3 212 217 280 
4 234 39 181 130 
3 91 138 132 
3 286 243 252 
3 41 254 265 
3 107 237 240 
3 171 73 69 
3 249 64 192 
3 184 202 66 
3 164 40 266 
3 7 157 223 
3 127 207 71 
3 133 50 215 
3 260 195 229 
3 134 191 251 
3 227 11 154 
3 80 26 176 
3 4 268 104 
3 62 258 155 
3 299 3 288 
3 246 295 12 
3 220 170 270 
3 276 27 47 
3 193 111 228 
3 162 109 30 
3 13 298 231 
3 210 68 120 
3 200 81 49 
3 261 48 293 
3 19 118 247 
3 105 23 143 
3 53 20 151 
