53 0 9999 9998 9996 9995 9994 9992 9989 9985 9984 9983 9982 9979 9968 9905 9904 9903 9902 9901 9900 9899 9350 9347 9346 9051 9048 9047 9045 9034 9033 9018 9014 9006 8996 8798 8797 8711 8705 8704 8702 8701 8700 8699 8698 8696 8695 8694 8680 8677 8675 8672 8664 8628 
62 9997 9614 9613 9611 9608 9607 9604 9603 9602 9264 9260 8721 8150 8148 8147 8143 8141 8140 8139 8131 8130 8129 8126 8104 8103 7787 7778 7749 7738 7200 7175 7141 7120 7115 7112 7111 7110 7079 7075 7073 7072 7071 7069 7045 7043 7042 7041 7040 7039 7038 7037 6995 6992 6980 6979 6978 6542 6524 6521 6504 5220 3083 
52 9993 9991 9990 9209 9207 9206 9203 9202 9200 9198 8691 8690 8688 8665 8663 8654 8644 8100 8091 8089 8056 8054 8045 8042 8040 8039 8038 8025 8007 8003 7991 7988 7968 7965 7964 7963 7924 7923 7920 7919 7916 7915 7913 7911 7908 7907 7896 7628 7625 7624 7601 2178 
54 9988 9978 9977 9975 9973 9478 9477 9476 9475 9470 9464 9463 9460 9433 9429 9428 9425 9404 8355 8354 8348 8340 8339 8335 8254 8247 8245 8242 8237 8236 8234 8233 8230 8228 8225 8223 8222 8221 8220 8219 8216 8215 8213 8212 8210 8207 6191 6190 6180 6152 6119 6082 6012 5858 
57 9987 9986 8999 8997 8994 8990 8959 8957 8956 8955 8952 8951 8950 8949 8943 8940 8934 8862 8852 7337 7332 7330 7325 7324 7308 7306 7303 7300 7298 7297 7293 7282 7281 7278 7276 7275 7274 7273 7272 7271 7270 7269 7257 7245 7242 7234 7232 7230 7229 7228 7226 7222 7215 7197 7173 7171 7009 
52 9981 9980 9976 9974 9972 9971 9846 9836 9834 9833 9825 9815 9812 9795 7866 7863 7846 7841 7014 7011 7008 7007 7006 6997 6981 6954 6953 6875 6835 6834 6832 6831 6830 6683 6681 6680 6677 6671 6669 6668 6667 6660 6578 6576 6575 6572 6571 6570 6569 6551 6526 3038 
58 9970 9967 9966 9965 9962 9961 9960 9959 9958 9957 9955 9952 9950 9931 9925 9924 9923 9107 9105 9094 6458 6456 6455 6454 6453 6452 6451 6450 6449 6447 6444 6443 6434 6432 6423 6422 6419 6417 6416 6415 6397 6396 6395 6394 6393 6388 6387 6384 6362 6361 6356 6352 6348 6347 6346 6320 6227 4515 
64 9969 9316 9276 9269 8866 8864 8863 8861 8859 8857 8845 8844 8843 8842 8841 8840 8839 8838 8836 8835 8259 8250 7512 7237 7207 7199 7198 7192 7182 7179 7137 7108 7102 7101 7099 7097 7096 7093 7092 7091 7088 7080 7060 7058 7050 7049 7048 7034 7000 6999 6998 6996 6993 6985 6974 6929 6926 6925 6919 6918 6914 6911 6300 6009 
60 9964 9963 9877 9858 9847 9843 9793 9788 9786 9775 9722 9660 9659 9658 9488 9007 8988 8285 8278 8276 8273 8271 8270 8269 8267 8265 8264 8260 8248 8246 8240 8218 8217 8211 8209 8087 8052 8034 8031 8029 8011 8000 7995 7992 7986 7967 7966 7936 7935 7933 7930 7929 7927 7903 7888 7885 7883 7880 7791 2996 
60 9956 9164 9162 9158 9156 9154 9153 9152 9151 9150 9149 9148 9147 9146 9145 9144 9143 9142 9141 9140 9137 9135 9134 9133 8887 8882 8768 8766 8737 8736 8732 8669 8257 8256 8255 8252 8249 8205 8200 8181 8180 8178 8176 8174 8032 8030 8024 8018 8016 8013 8010 8002 7998 7996 7994 7950 7947 7850 7644 1960 
54 9954 9951 9949 9948 9947 9943 9942 9912 9911 9132 9128 9125 8720 8719 8518 8501 8499 8498 8497 8496 8495 8494 8490 8488 8483 8481 8479 8470 8469 8467 8463 8456 8451 8450 8447 8445 8443 8436 8435 8433 8424 8421 8418 8416 8414 8349 8347 8346 8344 8343 8336 8330 7615 7481 
55 9953 9780 9777 9769 9653 9640 9639 9636 9307 9265 9262 9261 9253 9252 9175 9077 9062 9058 9046 9042 8785 8779 8756 8750 8749 8748 8747 8746 8733 8718 8717 8716 8715 7734 7731 7730 7729 7728 7726 7725 7720 7718 7717 7716 7715 7714 7713 7554 7553 7552 7550 7547 7082 7028 6898 
56 9946 9937 9922 9090 9088 9086 9081 9079 9078 9076 9075 9064 9063 8258 8251 8241 8238 8229 8224 8208 8206 8203 8199 8197 8183 8182 8177 8173 8171 8170 8169 8168 8167 8166 8165 8164 8162 8161 8146 8106 8094 8055 8044 8036 8033 8028 8022 8009 7997 7979 7946 7945 7943 7940 7932 4254 
48 9945 9944 9941 9940 7672 7671 7668 7667 7666 6513 6508 6494 6487 6486 6485 6431 6427 6424 6414 6413 6412 6411 6410 6409 6408 6405 6404 6402 6400 6399 6398 6022 6020 6013 6002 6001 6000 5999 5998 5997 5980 5979 5978 5976 5975 5974 5973 2951 
59 9939 9938 9917 9907 9906 9474 9473 9465 9427 9402 9395 9394 9393 9392 9391 9055 9054 9052 9050 9049 9044 9043 8881 8865 8854 8833 8832 8828 8825 8824 8823 8822 8821 7446 7443 7440 7439 7433 7432 7430 7428 7411 7410 7408 7407 7406 7405 7404 7403 7402 7401 7400 7399 7398 7394 7392 7387 7358 5152 
57 9936 9930 9889 9888 9213 9212 9017 9016 9012 9002 8998 8980 8979 8978 8977 8976 8607 8603 8601 8597 8389 8321 8320 8319 8318 8304 8297 8296 8295 8294 8288 8272 7360 7209 7208 7205 7195 7194 7172 7169 7168 7165 7146 7145 6198 6197 6196 6194 6186 6185 6183 6177 6163 6161 6159 6154 851 
54 9935 9933 9932 9928 9927 9351 9059 9040 9037 9036 9030 9029 7801 7798 7797 7794 7777 7776 7737 7735 7733 7732 7724 7723 7722 7721 7719 7712 7711 7710 7680 7679 7678 7677 7676 6514 6509 6506 6484 6481 6480 6479 6478 6472 6471 6469 6468 6465 6463 6461 6439 6436 2411 774 
56 9934 9926 9913 9891 9890 9868 9860 9027 9025 9023 9019 9013 9011 8993 8605 8599 8598 8596 8595 8593 8592 8591 8590 8589 8587 8586 8584 8582 8581 8579 8573 8572 8569 8565 8546 8545 8543 8542 8538 8537 8535 8534 8533 8532 8529 8521 8517 8514 8513 8512 8500 8493 8492 8491 8487 8341 
62 9929 9880 9879 9878 9875 9874 9871 9870 9760 9755 9732 9654 9652 9651 9650 9649 9648 9646 9645 9642 9641 8938 8937 8658 8656 8640 8639 8637 8630 8610 8608 8604 8600 8594 8338 8334 8333 8325 8323 8293 8286 8284 7264 7255 7253 7247 7246 7239 7225 7221 7217 7213 7212 7206 7164 7090 7089 7086 7085 7084 7010 1621 
51 9921 9920 9919 9894 9892 9842 9841 9840 9468 9130 9129 9127 9124 9123 9121 9120 9119 9118 9109 9108 9102 9101 9099 7130 7077 7076 7055 6828 6822 6818 6812 6799 6791 6784 6782 6781 6755 6716 6714 6712 6698 6697 6696 6695 6694 6692 6691 6690 6665 6612 2284 
55 9918 9916 9915 9914 9675 9637 8880 8878 8873 8872 8856 8855 8853 8850 8408 8405 8401 8375 6801 6798 6780 6778 6777 6776 6753 6745 6733 6731 6725 6724 6723 6722 6721 6719 6552 6539 6533 6500 6498 6492 6483 6482 6470 6446 6445 6440 6016 5995 5994 5992 5991 5990 5982 5981 5971 
57 9910 9909 9908 9538 9537 8112 8110 8097 8096 8093 8083 8062 8061 8060 8059 8058 8053 8047 7999 7993 7987 7957 7955 7954 7953 7949 7948 7934 7926 7925 7922 7895 7894 7893 7892 7890 7889 7887 7884 7878 7876 7867 7861 7856 7855 7853 7848 7834 7831 7830 7828 7827 7760 7758 7727 7694 6989 
54 9898 9897 9896 9895 8905 8902 8899 8897 8896 8894 8892 8889 8886 8884 8876 8875 8874 8860 8858 8848 8847 8846 8575 8568 7528 7517 7516 7515 7507 7506 7449 7448 7447 7426 7425 7424 7423 7421 7420 7385 7384 7383 7381 7372 7340 7338 7335 7334 7320 7317 7312 7311 7307 7131 
60 9893 9451 9445 9334 9259 9258 9257 9255 8444 8438 8434 8432 8431 8430 8428 8425 8422 8412 8411 8198 8196 8189 8187 8077 8076 8075 8074 8073 8043 8041 8037 8035 8027 8026 8023 8020 8019 8015 8001 7978 7977 7976 7975 7974 7972 7958 7956 6984 6872 6870 6869 6868 6867 6866 6864 6863 6862 6860 6850 6059 
57 9887 9886 9885 9884 9883 9882 9881 9854 9849 9848 9845 6960 6958 6957 6956 6955 6904 6903 6902 6901 6900 6899 6897 6894 6814 6811 6805 6557 6556 6553 6549 6536 6531 6529 6527 6525 6523 6522 6517 6516 6515 6510 6503 6502 6499 6495 6491 6460 6459 6457 6448 6442 6433 6429 6428 6420 6329 
58 9876 9857 9855 9787 9765 9764 9763 9597 9596 9592 9591 9587 9585 9583 9579 9576 9575 9574 9573 9572 9566 9565 9564 9560 6324 6313 6310 6307 6301 6277 6276 6273 6270 6268 6266 5901 5896 5893 5892 5890 5887 5884 5876 5864 5859 5854 5853 5850 5849 5848 5846 5824 5820 5819 5818 5817 5812 4217 
55 9873 9872 9865 9864 9863 9862 9861 9813 7635 7633 7632 7629 7627 7626 6664 6661 6659 6658 6657 6656 6655 6654 6127 6124 6123 6122 6121 6101 6100 6099 6096 6090 6087 6086 6084 6081 6080 6079 6078 6077 6076 6073 6068 6067 6065 6063 6062 6061 6060 6058 6057 6056 6055 5957 4560 
58 9869 8636 8635 8634 8633 8632 8631 8629 8195 8194 8193 8190 8188 8186 8185 8154 8153 8151 8149 8145 8144 8142 8138 8137 7870 7865 7864 7862 7859 7854 7852 7829 7826 6713 6711 6684 6679 6385 6381 6380 6377 6376 6364 6363 6359 6357 6354 6353 6345 6342 6341 6334 6330 6321 6306 6283 6204 3189 
56 9867 9866 9859 9830 9824 9804 9194 9191 9183 9182 6373 6370 6158 6157 6155 6153 6151 6150 6148 6147 6146 6145 6144 6143 6113 6112 6108 6107 6102 6098 6054 6053 6052 6051 6050 6049 6048 6047 6046 6045 6044 6043 6042 6036 6023 6018 6015 6014 6005 6004 5996 5986 5985 5984 5966 4588 
56 9856 9852 9844 9528 9527 9523 9522 7752 7692 7691 7685 7682 7681 7502 7493 7468 7429 7427 7417 7416 7415 7414 7413 7412 7409 7267 7265 7259 7252 7251 7249 7238 7236 7233 7227 7219 7210 6174 6172 6171 6170 6169 6166 6165 6162 6160 6156 6149 6141 6140 6139 6138 6137 6136 6135 6132 
56 9853 9818 9817 9816 9810 9808 9807 9806 9505 9504 9503 9501 9497 9495 9493 9115 9114 9111 9103 9098 9097 9096 8232 8231 8204 8202 8201 8184 8179 8172 8163 8136 8135 8134 8133 8132 8128 8127 8125 8124 8122 8117 8115 8113 8102 8101 8090 8082 8078 8072 8071 8070 8065 8050 8049 7928 
59 9851 9835 9832 9829 9828 9827 9826 9790 9783 9589 9299 9290 9288 9233 9228 9226 9223 9189 8466 8460 8455 8454 8449 8446 8442 8440 8437 8406 8400 8391 8390 8374 8372 8370 8369 8368 8366 8362 8360 8310 8309 8308 8303 8302 8301 8300 8299 8292 8283 8281 8280 7503 7500 7496 7479 7478 7389 7291 3034 
52 9850 9839 9838 9837 9831 9823 9822 9821 9820 9819 9802 9801 9799 9798 9797 9796 9518 9516 9508 9507 9490 9489 9487 9484 9483 9482 9268 8792 8791 8784 8780 8772 8769 8767 8765 8764 8745 8744 8743 8742 8741 8739 8738 7498 7497 7488 7487 7480 7469 7467 7460 7459 
58 9814 9811 9809 9345 9339 9336 8686 8685 8684 8683 8682 8674 8673 8670 5795 5794 5790 5787 5786 5768 5762 5755 5737 5734 5731 5730 5728 5727 5723 5722 5721 5720 5719 5718 5607 5604 5603 5597 5585 5582 5581 5579 5577 5574 5572 5569 5568 5567 5556 5548 5536 5515 5514 5512 5509 5507 5506 4815 
58 9805 9791 9782 9762 9761 9746 8804 8803 8802 8800 8394 8109 8108 8105 8017 8014 7990 7985 7984 7983 7982 7981 7980 7941 7938 7931 7921 7918 7886 7882 7879 7310 7309 7286 7284 7283 7268 7263 7262 7261 7254 7250 7248 7244 7243 7241 7240 7204 7196 7186 7148 7132 7128 7127 7122 7107 7098 5649 
56 9803 9794 9071 9070 9060 7660 7659 7658 7657 7656 7655 7654 7647 7646 7645 7643 7640 7614 7607 7600 7445 7438 7437 7436 7435 7434 7431 7393 7388 7386 7380 7378 7367 7366 7365 7361 7359 7354 7353 7350 7349 7348 7347 7343 7341 7333 7328 7319 7316 7315 7314 7313 7305 7304 7301 7299 
53 9800 9324 9322 9000 7126 7125 7106 7074 7070 7068 6819 6817 6816 6796 6794 6785 6783 6773 6772 6771 6761 6760 6758 6752 6751 6729 6728 6720 6718 6717 6649 6644 6642 6641 6117 6115 6114 6111 6104 6103 6097 6095 6094 6093 6092 6075 6072 6070 6066 6064 6041 6037 6035 
57 9792 9072 9065 5868 5863 5862 5842 5840 5837 5835 5827 5826 5825 5780 5779 5777 5775 5754 5749 5739 5738 5736 5735 5729 5726 5725 5724 5717 5716 5715 5710 5709 5708 5707 5706 5704 5701 5700 5699 5698 5697 5695 5692 5691 5689 5688 5687 5686 5685 5684 5682 5680 5679 5676 5673 5668 2494 
59 9789 9785 9781 9776 9421 9414 9412 8697 8692 8689 8668 8667 8662 8659 8653 8650 8647 8646 8645 8638 7030 7027 7025 7023 7022 7021 7005 7003 7002 7001 6977 6972 6966 6963 6962 6961 6959 6941 6940 6938 6937 6933 6931 6920 6917 6908 6907 5880 5879 5878 5874 5872 5867 5866 5865 5861 5855 4997 3447 
48 9784 9778 9772 9770 9291 9286 9284 9282 9281 9280 9279 9278 9277 9275 9272 9271 9267 9263 6038 6032 6031 6030 6028 6027 6026 6025 6024 6021 5972 5970 5969 5968 5967 5965 5964 5963 5962 5961 5960 5959 5958 5956 5955 5953 5952 5951 5949 5895 
56 9779 9774 9738 9486 9485 9319 9313 9312 9311 9310 9302 9300 8081 8080 8067 8063 8051 5785 5784 5783 5782 5776 5772 5759 5758 5705 5703 5702 5696 5694 5693 5690 5683 5681 5678 5677 5675 5674 5672 5671 5670 5669 5667 5666 5665 5664 5663 5662 5661 5660 5659 5658 5655 5580 3777 2082 
54 9773 9539 8649 8648 8627 8626 8625 8620 8619 8618 8588 8585 8583 8580 8576 8574 8571 8570 7258 7256 7224 7223 7216 7214 7202 7188 7184 6634 6631 6627 6625 6624 6605 6604 6603 6602 6601 6599 6598 6597 6590 6589 6585 6583 6582 6558 5839 5803 5799 5798 5789 5770 5767 5744 
57 9771 9532 8851 8192 8191 8175 8160 8159 8158 8157 8156 8155 8152 7024 7019 7018 7017 7016 7012 6971 6952 6951 6934 6930 6912 6909 6886 6885 6882 6881 6880 6879 6795 6793 6790 6789 6779 6767 6765 6763 6759 6757 6750 6621 6620 6618 6617 6616 6615 6614 6613 6611 6610 6609 6608 6587 6371 
59 9768 9767 9199 9197 8809 8807 6550 6546 6543 6541 6540 6530 6477 6476 6475 6474 6441 6437 6426 6425 6421 6418 6407 6406 6403 6401 6392 6391 6389 6383 6382 6379 6378 6375 6369 6366 6351 6350 6344 6343 6340 6339 6338 6336 6335 6333 6332 6331 6327 6323 6322 6315 6312 6308 6305 6304 6302 6284 6236 
54 9766 9700 9628 9244 9242 9241 9240 9239 9238 9237 9236 9235 9234 9231 9230 9229 9227 9225 9224 8012 8006 8005 8004 7989 7944 7942 7939 7937 7912 7910 7839 7838 7670 7664 7663 7379 7377 7376 7370 7369 7368 7362 7356 7352 7346 7345 7344 7342 7339 7322 7321 7318 7289 6687 
56 9759 9754 9751 9750 9744 7917 7914 7909 7906 7905 7904 7902 7901 7900 7899 7898 7897 7891 7881 7877 7874 7872 7851 7849 7847 7845 7843 7837 7836 7835 7825 7824 7822 7821 7820 7819 7818 7816 7815 7814 7804 7803 7784 7781 7774 7763 7750 7748 7744 7739 7736 7709 7708 7707 7704 1196 
62 9758 9756 9745 9721 9714 9711 9707 9609 9595 9593 9588 9349 9343 9341 9340 7817 7813 7809 7800 7765 7764 7761 7751 5832 5830 5829 5828 5822 5816 5813 5809 5806 5802 5800 5793 5773 5769 5763 5757 5753 5751 5750 5747 5746 5714 5713 5712 5711 5656 5654 5650 5639 5637 5635 5630 5629 5626 5624 5621 5619 5545 4921 
53 9757 9669 9627 9626 9471 9467 9431 9423 9422 9420 9419 9418 9417 9416 9415 9411 9403 9035 9032 9031 9028 9026 9024 9022 9020 9004 7669 7665 7662 7661 6390 6386 6374 6372 6368 6367 6349 6337 6328 6326 6325 6317 6316 6311 6309 6303 6294 6292 6290 6289 6245 5821 483 
59 9753 9749 9748 9747 9737 9677 9567 9563 9562 9481 9480 9479 9348 9344 9342 9338 9337 9184 8775 8763 8762 8253 8235 7235 7231 7218 7201 7187 7185 7183 7181 7180 7178 7166 7161 7154 7153 7152 7151 7150 7149 7147 7144 7143 7142 7138 7095 7094 7087 7066 7032 7031 7029 7026 7020 6994 6983 6982 6970 
55 9752 9741 7706 7705 7703 7702 7701 7700 7699 7698 7697 7696 7695 7693 7690 7689 7688 7687 7686 7684 7683 7675 7674 7673 7653 7652 7650 7648 7631 7630 7619 7505 7477 7476 7475 7474 7473 7472 7471 7470 5547 5546 5541 5540 5538 5534 5533 5530 5527 5525 5524 5521 5520 5475 5063 
63 9743 9742 9729 9728 9335 9333 9332 9331 9330 9329 9328 9327 9326 9325 9323 9304 9297 9296 8727 8404 8403 8399 8393 8383 8317 8316 8315 8314 8313 8312 8311 8307 8306 8305 8098 8095 8064 8048 8046 7651 7642 7641 7610 7608 7606 7605 7604 7603 7602 7599 7573 7570 7569 7568 7567 7566 7565 7564 7331 7327 7302 7211 6986 
62 9740 9734 9733 9731 9730 9727 9712 9444 9410 9409 9408 9087 9084 9082 9080 9073 9068 9067 9061 9057 9056 9053 9041 9039 9038 6991 6990 6988 6969 6967 6965 6964 6950 6949 6948 6947 6946 6945 6944 6943 6942 6939 6935 6923 6921 6915 6913 6910 6896 6893 6891 6888 6887 6754 6749 6748 6747 6744 6742 6715 6689 6626 
54 9739 9736 9735 9720 9716 9715 9702 9692 9687 9683 9678 9616 9492 9491 9205 9204 7973 7971 7970 7969 7962 7961 7960 7959 7952 7951 6244 6241 6240 6237 6235 6230 6229 6226 6219 6215 6214 6213 6212 6211 6207 6206 6205 6203 6200 6199 6188 6181 6178 6168 6164 5954 5308 3076 
51 9726 9725 9676 9674 9561 9555 9459 9457 9454 9442 9441 8708 8262 8261 8214 6272 6271 6269 6033 6008 6007 6006 6003 5989 5988 5987 5983 5950 5948 5944 5943 5942 5941 5938 5937 5932 5931 5930 5929 5928 5927 5926 5924 5920 5919 5918 5916 5913 5912 5909 2042 
57 9724 9723 9499 9106 9104 9100 9095 9093 9092 9089 9083 9021 9015 9010 9008 9005 9001 8992 8985 8983 8507 8506 8505 8477 8474 8458 8453 8452 8441 8439 8423 8420 8419 8407 8402 8392 8382 8381 8380 8379 8378 8376 8371 8367 8365 8364 8357 8356 8350 8342 8337 8328 8327 8326 8324 8322 7533 
53 9719 9543 9540 9400 9398 9397 9389 9388 9384 9382 9368 9367 9365 9364 9363 9362 9361 9359 9358 9357 9356 9355 9354 9353 8021 8008 6895 6892 6890 6889 6756 6740 6739 6735 6734 6732 6730 6727 6726 6688 6685 6678 6676 6672 6653 6648 6643 6640 6639 6637 6629 6619 6105 
54 9718 9601 9599 9598 9594 9590 9586 9584 9515 9513 9512 9509 9430 9426 5834 5831 5823 5778 5774 5766 5765 5760 5756 5657 5653 5652 5651 5648 5647 5646 5645 5644 5643 5642 5641 5640 5638 5631 5628 5625 5623 5622 5615 5614 5613 5612 5611 5610 5609 5602 5600 5599 5592 3227 
60 9717 9708 9691 9656 9655 9605 9582 8908 8903 8901 8898 8888 8885 8871 8870 8868 8867 8849 8837 8834 8831 8829 8329 7136 7134 7119 7117 7100 6821 6820 6815 6810 6809 6804 6803 6800 6788 6787 6786 6770 6769 6768 6766 6764 6762 6746 6743 6741 6738 6737 6736 6686 6682 6675 6673 6670 6666 6663 6662 4994 
57 9713 9710 9697 8913 8912 8900 8687 8681 8679 8678 8676 8666 8660 8652 8651 8643 8642 8641 8624 8623 8622 8621 5815 5814 5810 5808 5807 5797 5796 5791 5788 5781 5761 5752 5745 5733 5732 5608 5601 5596 5591 5590 5565 5561 5560 5559 5557 5555 5550 5535 5526 5522 5519 5518 5517 5498 4638 
57 9709 9009 8987 8986 8984 8982 8981 8911 8910 8907 8904 8808 8806 8805 8801 8799 8788 8787 8786 8782 8778 8777 8776 8740 8489 8486 8485 8484 8480 8478 8476 8475 8473 8472 8468 8465 8464 8462 8461 8459 8457 8448 6548 6547 6545 6538 6537 6534 6532 6473 6467 6466 6464 6462 6438 6435 6430 
61 9706 9694 9693 9679 9472 9469 9458 9453 9452 9449 9447 9446 9443 9440 9439 9438 9434 9218 9217 9216 9215 9214 9211 9210 9208 9201 9190 9181 9180 9179 9178 9177 9176 9174 9171 9170 9169 9168 9167 9166 9165 9163 9161 9160 9139 9003 8995 8989 8975 8974 8973 8970 8968 8967 8966 8964 8962 8961 8960 8953 8936 
58 9705 9701 9671 9662 9635 9548 8941 8939 8935 8373 8291 8268 8266 8263 8244 8243 8239 8227 8226 7015 7013 7004 6884 6878 6877 6876 6873 6871 6865 6808 6807 6607 6606 6600 6596 6595 6594 6593 6592 6591 6588 6586 6584 6581 6580 6260 6258 6256 6254 6251 6246 6243 6242 6210 6209 6208 5606 5199 
52 9704 9703 9552 9551 9550 9549 9547 9544 9542 9541 9256 9254 9251 7649 7639 6202 6201 6195 6193 6192 6189 6187 6184 6182 6179 6176 6175 6173 6167 6142 6134 6133 6131 6130 6129 6128 6126 6125 6120 6118 6116 6110 6109 6106 6091 6089 6088 6085 6074 6071 6069 5873 
56 9699 9698 9581 9580 9536 9535 9534 9533 9525 9524 9196 9195 9192 9188 9187 9185 9131 9126 9122 9117 9116 9113 9112 9110 9091 9085 9069 9066 7795 7793 7789 7785 7782 7780 7779 7757 7756 7374 7363 7336 7124 7123 7105 7104 7103 7083 7063 7057 7056 7054 7053 7052 6579 6555 6528 5977 
55 9696 9695 9688 9670 9511 9510 7329 7326 7296 7290 7288 7285 7280 7279 7277 7266 7260 7220 7203 7193 7191 7190 7189 7177 7176 7174 7170 7167 7163 7162 7160 7159 7158 7157 7156 7155 7140 7139 7133 7129 7118 7109 7067 7065 7064 7061 7059 7051 6987 6976 6975 6973 6968 6922 6905 
51 9690 5598 5564 5563 5562 5558 5554 5553 5552 5551 5544 5543 5542 5539 5537 5532 5531 5529 5528 5523 5516 5513 5511 5510 5508 5505 5504 5503 5502 5501 5500 5499 5497 5496 5495 5494 5493 5492 5491 5490 5489 5488 5487 5486 5485 5484 5483 5482 5479 5434 2735 
52 9689 9685 9612 9610 9606 9577 8671 8410 8409 8398 8397 8396 8384 8377 8363 8361 8359 8358 8353 8352 8351 8345 8332 8331 8298 8290 8289 8287 8282 8279 8277 8275 8274 6267 6265 5915 5914 5911 5910 5908 5907 5906 5905 5904 5903 5902 5900 5899 5898 5897 5894 5888 
54 9686 9682 9074 8796 8795 8794 8793 8790 8774 8773 8655 8119 8107 8079 7875 7871 7869 7857 7833 7810 7808 7807 7806 7805 7802 7799 7796 7775 7773 7772 7771 7770 7769 7768 7767 7762 7759 5947 5940 5939 5936 5935 5933 5923 5922 5891 5889 5882 5881 5875 5871 5870 5869 5852 
64 9684 9666 9665 9661 9321 9320 9317 9315 9314 9222 9221 9220 9219 9193 9186 7638 7636 7623 7620 7597 7596 7594 7593 7586 7585 7583 7580 7578 7557 7556 7499 7483 7482 7419 7396 7395 7382 7375 7373 7371 7364 7357 7355 7351 7323 7295 7294 7292 7287 7121 7114 6883 6874 6843 6839 6838 6837 6836 6833 6829 6827 6775 6774 6693 
57 9681 9680 9466 9462 9461 9250 9249 9248 9247 9246 9245 9243 9173 9172 9159 9157 9138 9136 8830 8827 8826 8734 8730 8726 8723 8722 6936 6932 6928 6927 6924 6916 6906 6861 6859 6858 6857 6856 6855 6854 6853 6852 6851 6849 6848 6847 6846 6845 6844 6842 6841 6840 5934 5925 5921 5917 5098 
50 9673 9672 9578 9318 9309 9305 9303 9301 9298 9295 9294 9293 9289 6806 6802 6797 6792 6365 6360 6358 6355 6319 6318 6314 6299 6298 6297 6296 6295 6293 6291 6288 6287 6286 6285 6282 6281 6280 6279 6278 6275 6274 6040 6039 6034 6029 6019 6011 6010 5993 
54 9668 9667 9663 9450 9448 9437 9436 9435 9432 9424 8714 8713 8712 8710 8709 8707 8706 8703 8693 7637 7634 6826 6825 6824 6823 6652 6651 6650 6647 6646 6645 6638 6636 6635 6633 6632 6630 6628 6623 6622 6577 6574 6573 6568 6567 6566 6565 6564 6563 6562 6561 6560 6559 6554 
56 9664 9617 9615 9600 9378 9372 9370 9369 9366 9274 9273 9270 9266 7576 7563 7562 7561 7560 7559 7544 7541 7540 7539 7538 7537 7536 7534 7532 7531 7530 7529 7527 7526 7525 7524 7523 7521 7511 7509 7508 7490 7489 7486 7485 7484 7462 7458 7457 7456 7453 7452 7451 7444 7442 7441 7422 
57 9657 9386 9385 9381 9380 9379 9377 9376 9375 9374 9373 9371 9360 9352 9308 9306 9292 9287 9285 9283 9155 8617 8616 8615 8614 8613 8612 8611 8609 8606 8602 8429 8427 8426 8417 8415 8413 8395 8388 8387 8386 8385 6813 6710 6709 6708 6707 6706 6705 6704 6703 6702 6701 6700 6699 6674 1241 
57 9647 9633 9630 9629 8789 8783 8781 8771 8770 8761 8760 8759 8758 8757 8755 8754 8753 8752 8751 8735 8731 8729 8728 8725 8724 6264 6263 6262 6261 6259 6257 6255 6253 6252 6250 6249 6248 6247 6239 6238 6234 6233 6232 6231 6228 6225 6224 6223 6222 6221 6220 6218 6217 6216 6083 6017 183 
60 9644 9529 9521 9520 9519 9517 9514 9506 9502 9500 9498 9496 9494 9232 8916 8578 8577 8567 8566 8564 8563 8562 8559 8558 8557 8556 8553 8551 8550 8549 8548 8547 8544 8541 8540 8539 8536 8531 8530 8528 8527 8526 8525 8524 8523 8522 8520 8519 8516 8515 8511 8510 8509 8508 8504 8503 8502 8482 8471 3178 
59 9643 9571 9570 9569 9568 9559 9558 9557 9556 9554 9553 9531 9530 9526 9401 9399 9390 9387 9383 8817 8816 8815 8813 8812 8811 8810 7135 7116 7113 7081 7078 7062 7047 7046 7044 7036 7035 7033 5946 5945 5595 5594 5593 5589 5588 5587 5586 5584 5583 5578 5576 5575 5573 5571 5570 5566 5549 5193 377 
59 9638 9546 9545 8928 8927 8926 8925 8922 8921 8919 8918 8915 7873 7868 7860 7858 7844 7832 7823 7812 7811 7792 7790 7788 7786 7783 7581 7579 7574 7572 7571 7555 7548 7546 7545 7522 7519 7518 7514 7513 7510 7504 7501 7495 7494 7492 7491 7466 7465 7464 7463 7461 7455 7454 7450 7418 7397 7391 2604 
60 9634 9632 9631 8891 8890 8879 8877 8869 8820 8819 8818 8814 8561 8560 8555 8554 8552 7842 7840 7766 7755 7754 7753 7747 7746 7745 7743 7742 7741 7740 7622 7621 7618 7617 7616 7613 7612 7611 7609 7598 7595 7592 7591 7590 7589 7588 7587 7584 7582 7577 7575 7558 7551 7549 7543 7542 7535 7520 7390 2017 
59 9625 9624 9623 9620 9619 9618 9413 9407 9406 9405 8991 8972 8971 8969 8965 8963 8958 8954 8948 8947 8946 8945 8944 8942 8933 8932 8931 8930 8929 8924 8923 8920 8917 8914 8909 8906 8895 8893 8883 8661 8657 8123 8121 8120 8118 8116 8114 8111 8099 8092 8088 8086 8085 8084 8069 8068 8066 8057 4856 
60 9622 9621 9456 9455 9396 6544 6535 6520 6519 6518 6512 6511 6507 6505 6501 6497 6496 6493 6490 6489 6488 5886 5885 5883 5877 5860 5857 5856 5851 5847 5845 5844 5843 5841 5838 5836 5833 5811 5805 5804 5801 5792 5771 5764 5748 5743 5742 5741 5740 5636 5634 5633 5632 5627 5620 5618 5617 5616 5605 5394 
