25 8370 7020 2292 3073 2455 4667 7296 3130 9234 9944 8459 1034 3668 5448 503 5000 7386 6209 9509 9787 488 480 2307 4823 630 
23 4349 853 6579 2187 5040 9795 2479 9132 3395 4775 2859 4881 8822 3195 9318 9197 4611 9241 1290 5894 8910 1722 9711 
25 1664 1170 2904 9156 6670 3877 4819 5451 9225 2048 6137 4503 2065 7521 2162 123 3150 5767 3485 4240 3872 8862 2502 3528 2221 
25 8271 7934 8075 7401 9171 2089 5238 7962 7414 3082 6980 4893 6240 2485 6106 1391 5209 9095 1486 6522 4337 3941 4600 7784 1645 
25 7270 2881 7569 7916 7929 9249 2776 209 310 6061 969 106 8841 3187 890 17 7835 6542 8320 1522 9168 5410 557 7696 7899 
23 7911 6570 1970 9613 1282 9160 5913 6378 4452 7037 1243 346 5624 213 4444 3942 8946 3520 7760 722 6768 8301 9693 
24 3025 7373 6172 779 2935 9213 3007 686 586 508 2997 7532 2229 2533 3832 2370 4548 5533 2349 2638 7681 4641 2322 4095 
24 6206 5713 493 8876 315 5214 405 1266 8719 4816 4449 4527 7495 7671 6666 2844 110 3094 9389 2019 3713 6018 5003 3797 
26 8518 1512 8955 5304 6969 2954 6512 5567 5844 8564 7504 2947 3006 4084 4740 1068 5288 7655 4952 6592 7408 8392 4142 7460 2169 5293 
24 3005 856 2919 1595 4141 9000 1394 9652 963 7848 3639 5556 5191 9713 7571 3151 1895 594 5118 7189 6518 2329 9703 4473 
25 5018 6804 7877 4223 5998 3608 7894 5158 6565 4221 8081 178 1525 3768 414 7947 9624 8107 8452 5302 7744 59 6919 626 4750 
23 9274 1565 6842 313 1330 9023 6558 3593 5042 8646 8511 8287 5863 7247 2101 7930 8634 8389 3535 1001 2508 6693 5254 
25 7952 513 9557 1332 3606 3424 9376 9457 6475 3751 3538 5706 3953 8052 9848 912 5980 8142 652 5122 5978 6964 7133 3545 9796 
24 6765 1627 146 6201 5386 1496 1840 782 1717 5963 8231 1197 7582 9149 6204 3234 4460 1312 4941 9781 8235 702 220 3076 
25 7657 1054 102 4781 5743 6120 663 6601 7081 6932 6089 5651 6880 2646 2004 4179 4707 4434 420 5494 5339 6364 2658 6976 3571 
24 6831 1874 3732 7448 1800 9881 5210 4258 7179 5136 4106 4317 135 6363 2336 2974 5320 2354 6214 1019 9359 9545 2200 4178 
24 268 376 4387 4888 6333 8063 3038 3949 2602 824 8930 2239 7715 6790 4647 6421 4161 3179 3273 2594 295 165 6221 6520 
24 2581 8085 1422 5757 4293 9790 7009 2684 2960 3888 972 6561 6454 793 9502 3226 4149 8553 5774 5270 9390 5078 1473 9024 
27 1066 311 3958 1206 7561 9238 2382 3879 2635 4770 7108 8077 7730 9665 309 8248 9021 2915 7520 2624 6732 7131 8352 7288 5449 3347 5294 
24 7465 842 1407 6633 4068 5143 4248 3992 332 2580 11 9453 6838 2500 5246 9984 6837 2631 5923 1952 5150 4393 8350 8949 
25 9733 1386 9286 3205 4147 3461 7321 8601 6824 5558 1727 7178 7122 7664 5349 8096 8442 6499 3305 8166 1837 6104 7623 7992 8838 
24 8736 1557 3477 5208 3783 9328 9874 816 5611 9322 9456 725 5019 2739 3355 9542 2127 1906 3387 662 4614 2170 7281 5071 
23 3445 9511 8585 9836 4365 9179 4777 9089 5952 8111 7271 4306 4960 1373 2811 9873 1546 6007 5900 8069 6322 9211 1892 
26 5510 8157 6663 8062 7712 7716 5679 6808 3416 1320 1640 1260 7883 1769 684 650 3597 9667 5956 192 5930 2133 1642 4308 3665 3969 
24 4833 8118 9623 2118 1523 6197 3307 7205 7750 7564 544 2263 4187 5943 3822 844 2091 2612 7719 675 4936 3664 2840 5857 
26 7005 7186 4713 1113 7013 4772 7065 4058 1920 4682 6737 7510 5350 1420 7754 6516 8894 4684 264 7972 9431 5011 749 7539 9206 8503 
23 4910 6942 5783 8826 7341 6699 636 8209 6863 2971 6714 7491 9356 5104 2425 3995 7023 3923 7831 437 9259 1510 910 
23 7293 8458 4969 6966 7045 5472 9150 4587 7738 5133 62 5444 4313 6754 8479 2204 1014 9669 5720 9439 6433 2334 5616 
25 9935 8614 1222 4104 3169 1201 9194 7562 8439 1376 9346 3900 2757 1016 9252 2422 1096 3529 3336 5098 6748 998 5987 6994 3042 
26 565 9819 6749 1634 1324 6597 5849 9985 1168 3602 2447 2817 9161 9029 6949 4065 528 2237 8082 7604 3298 1982 5423 7833 4305 410 
25 3333 8555 29 8644 7355 7180 122 6213 7098 1316 6680 6704 4547 5379 3634 4312 3074 736 9307 3023 1195 1375 2134 3388 9520 
25 6457 6381 9037 8434 6218 3462 1852 5371 1896 2299 4870 8465 9081 4576 6697 2001 5968 5787 4457 1764 556 7906 1212 3484 8304 
26 8146 2695 5069 5888 7109 9187 8827 8820 9159 7626 9018 5734 6692 7411 71 8604 9173 681 5762 1953 773 3335 3922 3500 573 9461 
24 6783 7190 1968 4666 7567 3340 8597 6332 7169 1072 5260 7805 1171 4168 6095 4765 9783 7165 1936 5735 3863 8622 2130 9831 
25 206 6216 9002 2167 4720 5184 5915 5632 7285 3908 6820 1253 8871 4618 2392 8935 9124 9437 7642 6151 3126 1495 2750 7 3569 
25 9314 9255 4481 3370 4940 5730 7631 4789 442 4433 5480 9435 9242 5196 4391 4380 1025 8781 5033 451 8508 7437 1055 7700 6539 
24 9675 5601 6739 2907 4696 5748 4406 4942 2274 4851 2642 4625 6835 9553 2053 2391 860 360 4216 6384 9290 6084 8008 3402 
24 497 1346 2184 3566 6128 293 9459 5929 8576 4629 9991 5271 3767 6668 7280 5826 654 1398 8880 5485 6124 4757 3440 9326 
24 4693 6182 2453 6360 3436 8343 8530 7210 357 9027 7420 3521 9919 7675 5640 822 7478 8305 9048 5666 9719 6665 5524 4047 
24 4601 5654 4724 2551 6615 4224 2835 2715 8029 2988 8016 9232 6431 3096 1753 6852 9008 1497 4 2249 2163 6227 5460 2117 
24 7471 3176 7246 3746 1299 7513 9436 4276 1371 9110 9368 1298 2906 8456 7538 9659 7721 7095 6844 9129 2897 7024 8618 3626 
25 9216 378 8694 9481 2126 6857 9927 7802 5729 7856 5228 1331 765 5830 8732 9218 4513 1481 1259 4971 2819 5874 3712 3745 4759 
25 1315 8059 2686 6523 6864 9681 7394 8159 9420 8872 7998 9655 6947 7128 4290 581 2331 4287 9383 3010 9786 8900 532 7951 8222 
24 2538 8102 3133 4656 2802 3009 1783 561 6629 7273 2484 6047 8794 8347 2707 9181 8860 269 36 4339 9465 307 2243 7918 
25 3410 8728 2738 8631 3885 5001 1194 2670 7383 5582 9894 1918 1444 9426 4420 2863 4408 1036 7832 68 7025 6559 9770 6073 8156 
25 6069 3030 4913 8823 2132 9779 2942 1504 612 130 838 1417 7076 943 9535 6397 9248 2481 5121 4402 8613 1574 2697 73 2152 
25 5205 6843 4327 9065 8477 3251 5305 252 1891 9724 2368 8027 2150 6408 5206 4814 673 3106 4604 9955 2772 5037 641 5592 4191 
25 3294 775 7687 4167 8401 7857 8835 7274 7284 8312 8348 1017 931 46 6027 2189 2522 9 4670 7955 4218 5404 7980 2252 2940 
24 6456 502 957 8869 2393 8682 6722 3556 1921 3756 8360 2891 2471 7106 604 8858 4998 4862 2929 9432 170 9648 5144 3478 
25 3457 1794 583 8664 6491 8715 5957 4690 9510 760 3912 1119 2044 3058 2889 5577 5796 312 3658 3642 6911 4269 6080 3533 6750 
24 9974 1441 3366 4877 3772 4246 5366 1647 9458 5074 67 50 8679 4152 4294 1763 6986 9371 9953 3804 762 4662 7017 9398 
24 9768 2912 2020 9133 646 709 3648 867 1747 4038 8992 9835 8399 848 1818 1893 2339 197 7151 6445 729 204 9525 5723 
23 109 7092 9563 5782 8505 5250 5093 9442 1889 8432 1853 9085 2057 5518 5328 8313 1287 366 7946 142 5407 8332 8625 
24 768 6502 7816 7097 2548 3316 9651 6970 862 5738 6776 9892 476 3315 3587 6950 5204 755 9615 3956 4220 8558 8740 3279 
26 6724 950 1040 8848 691 6839 1518 5394 596 9902 6593 4334 5984 9730 6286 8344 6443 2946 7110 7074 6358 2858 8098 9771 7904 6273 
25 6695 7116 5602 4537 4532 3377 1392 8796 8603 43 9143 6483 6429 5681 9949 1957 238 3243 8076 7079 3809 5825 2376 3543 3820 
23 3580 6307 1475 9738 5405 2989 9410 250 9079 8844 7294 771 3806 9293 5378 6394 7144 2259 8538 3380 4983 1261 5544 
24 1900 6607 9071 8791 6596 1655 9397 3124 2892 6758 7924 3774 3678 815 4169 9798 6594 3641 6585 5587 4348 9243 3184 9860 
24 7357 6740 4653 1774 6566 2386 3072 1042 3714 7254 3508 4838 984 8031 2400 9174 9797 5609 401 4909 1088 5512 1829 2908 
24 610 9806 241 4615 7701 2477 6059 8446 9498 3650 894 2295 3499 2435 5589 5397 5897 4284 4212 6616 2138 3523 2813 6944 
24 6123 1908 1864 1193 2424 3765 680 8938 6064 7090 2778 872 8635 2333 614 3964 9279 7748 2864 9552 124 7476 5854 5174 
25 3988 892 9477 4347 4066 9925 8413 3450 2662 5041 2584 1368 9951 2792 6810 1759 9826 3441 4517 4504 5607 3611 6853 6291 2530 
24 3129 210 5711 5473 575 7830 6567 2084 6131 1690 2687 5013 5795 7012 9994 4456 2637 4680 522 7723 9350 224 2410 5149 
24 8133 7704 8176 4353 2429 133 6605 8492 126 5635 4727 9647 7866 5965 9094 9551 3192 8295 2267 8606 9013 7049 8775 6514 
25 3168 4494 2992 2981 7931 1110 8025 3865 1235 2311 1947 4845 6929 4550 2798 1548 9066 5073 1419 4994 5633 1408 3218 5035 4242 
25 8703 6718 2675 2240 3839 8212 9972 5076 4830 578 9418 8466 5145 8032 6962 1621 4745 9358 6881 8888 2785 1052 8905 1107 4243 
27 2720 8310 1228 2605 9182 843 3490 6703 1628 6030 3704 8115 3479 2700 6590 2290 2518 9105 6899 9493 593 4479 2494 8345 5707 4203 3289 
25 19 6575 1326 9319 6029 161 2899 173 9130 7656 4903 339 3918 9028 2446 9959 8769 6535 9338 5325 4210 747 3324 1300 7641 
24 9254 1620 846 4583 7066 9070 1431 8361 6883 8415 2037 4552 6557 7279 3614 9643 2005 2656 3716 9558 7433 5127 7522 8001 
26 1993 719 5746 4205 2366 8079 7085 4366 3470 4828 4850 8963 4582 2753 1063 1836 9772 3131 2218 3180 3505 3229 1288 9714 5084 5198 
24 9256 4661 9429 6634 2652 8033 4607 3946 6975 518 693 6134 1448 4166 891 8828 7423 7803 2608 9635 7688 8879 1950 4542 
23 4665 6186 7103 7381 1967 5702 928 6149 1508 7923 369 1571 3258 1821 2970 8589 3400 6079 6294 7157 2326 8717 1009 
24 4225 100 7457 8615 2782 2319 1551 8896 9268 3689 7187 8067 1125 5283 1797 7618 1152 5834 9413 7702 845 7795 2487 7985 
25 7475 3540 1863 9265 3160 6584 1667 2021 3574 4523 7982 2903 7387 3909 1124 174 9715 9646 2692 5832 1366 2878 2100 3120 5432 
24 483 3036 4642 1771 8407 4718 9012 1451 3421 2309 330 9943 1916 9017 5759 3864 1607 2456 8336 2175 9099 2271 7909 8019 
26 7229 4536 172 5881 2061 7245 2077 3451 6910 9392 1810 3382 6572 2506 7367 30 6787 2149 1292 4418 1000 56 5547 6650 9932 4568 
26 6913 7406 2426 7468 2523 2320 4711 9424 1879 9718 2740 8250 1370 9445 1389 940 2099 1397 8999 9942 395 7405 5362 8943 1976 2820 
25 9084 3891 7709 3325 196 864 2395 2916 3101 2854 9896 5852 3736 4322 2705 5770 2598 1268 3318 3244 7577 8375 3204 971 5454 
25 4455 549 6805 7255 3430 852 916 4489 2645 2461 3401 8811 4138 8064 9006 8205 2779 5316 6568 3255 4678 207 9601 8569 9875 
25 9901 656 2015 1480 4227 4515 9804 3905 5622 305 733 8968 7745 3282 9727 7780 5521 2943 4052 1379 3861 7290 9334 7228 9049 
27 4094 563 9345 4078 7580 3326 39 6771 7668 1870 1469 7637 7542 2984 1535 9579 7199 6891 9231 6627 5513 6317 2449 6606 7733 5266 8265 
23 1492 8190 8892 4866 527 1716 2501 27 3351 6171 4915 6040 7291 1358 8849 8473 1435 2469 424 818 6521 5065 6467 
24 7957 5887 462 7309 6672 9988 9300 6068 1163 364 6385 5403 288 8537 8381 5146 5319 3248 9369 421 2770 1478 5618 6350 
25 1757 9869 3373 7840 2078 409 8273 5317 3747 740 4634 9571 9777 3037 8565 9740 8986 7121 5515 4069 6624 9803 1385 9914 7252 
26 9412 1384 1994 9303 3149 5540 6900 2729 183 694 3532 1578 2931 1556 6313 1670 1802 1490 2022 8755 4451 6465 2223 8633 9922 3698 
25 8149 8868 4643 8207 3267 8951 3321 9963 9709 3930 4889 7887 7966 2527 7841 1971 3977 7660 5728 4949 3132 7185 9921 8120 5563 
26 9514 854 6912 2140 4048 9633 8918 6563 1008 871 9299 8254 687 8383 3219 5739 1028 6773 6546 3206 5637 2196 4545 9515 1367 7059 
27 8329 7572 5934 6541 2297 3453 982 4555 6161 8246 3550 8316 2052 6094 3353 261 8914 287 5568 4237 8619 3892 6685 5311 7989 8414 603 
26 1273 3840 5554 4807 494 6138 8421 4314 2713 4098 9602 3127 4263 819 5081 9780 4182 4796 7216 4897 1427 8424 6632 3559 3945 1344 
24 2465 3855 2696 8529 7422 9778 3052 9928 2874 1501 8922 5007 334 5572 1899 1270 341 1703 1903 8327 3589 3153 7705 9536 
27 4839 3739 3579 713 55 1046 9116 2537 4136 4658 3210 6855 701 6778 9621 3610 3996 2534 2195 3423 7147 2976 5474 5459 5390 5059 8057 
25 9757 3270 8042 8420 5417 353 3938 9917 5116 2419 1714 9310 3293 558 829 1183 1588 4151 7427 9591 2493 4747 9499 4841 7181 
23 119 1777 9769 3362 897 8988 9462 8817 3973 3818 3725 8318 8056 1673 2050 7639 6725 3703 2227 1633 8499 8364 2746 
25 9523 9325 9134 7364 697 2250 9611 425 5382 8419 8177 8335 5261 6346 5843 6510 4669 2460 4134 8043 4160 6342 3880 6690 7368 
26 5113 4090 4467 7988 6392 9106 499 4232 3667 870 5552 4899 5303 7340 5085 1762 1669 9204 362 6664 3890 5776 2650 1336 8053 669 
26 2519 5716 8773 5628 8782 2751 2151 9810 7503 2680 2948 5511 8584 6103 5396 6508 5277 1712 7233 6143 1380 9117 748 2839 9639 4432 
27 7936 5025 3029 7232 5433 6850 5393 5690 8093 4219 7683 514 3805 8851 2532 3202 7240 7328 5281 8066 9193 7869 1156 1131 1594 8196 7204 
26 445 7956 2036 9546 4602 9421 6263 8590 6025 2495 9706 5574 5441 7099 198 243 6092 201 5903 2747 274 5274 7093 4951 1190 926 
25 4894 5406 9685 8882 2975 8667 8182 3083 9043 7741 4278 2565 1610 6868 6797 7852 2396 6373 1544 389 8527 4818 2225 9374 2029 
26 2917 6849 3409 3311 2893 876 4087 9072 4802 621 2104 1684 8362 5562 9855 7658 2978 7031 9590 3327 4553 9970 7917 900 3456 9990 
26 7399 7088 5332 1109 6587 3512 6927 9658 5862 1686 2732 8673 490 895 8651 6530 628 6564 9597 4945 6210 4631 1887 3848 6889 9690 
26 474 5598 4630 2480 8485 6865 2714 9355 6164 5292 9378 2611 5992 7775 6097 2541 7377 2125 3681 7034 2097 9201 770 148 9067 2096 
24 2166 5717 6098 2377 1676 6574 7197 5525 3263 8928 2085 2416 7107 7500 9605 3683 1611 6992 5142 653 5926 5828 901 763 
23 1674 7494 4836 1660 7614 8628 9837 1767 6192 8593 8524 3365 8977 5905 8834 5975 7084 778 8083 4474 1191 7527 5950 
24 7314 8167 5213 1364 8373 8830 6874 8656 1203 7507 6636 2690 5641 4086 4175 9877 1665 416 7888 4350 8654 8887 4725 954 
23 8448 617 9349 3793 5262 7999 5537 2362 4033 4409 253 2546 509 6892 191 5736 1826 7432 1158 9887 906 392 1801 
25 8292 3188 7477 7574 7794 3108 3493 3647 3893 2254 1778 1707 6488 5061 5384 4519 3460 2423 5949 1205 4471 5939 336 8543 6258 
26 2883 3208 8786 2110 780 4099 4344 8143 7665 5479 7466 3437 1416 1567 434 8639 4468 787 3250 7068 9764 4783 8908 7215 1552 8139 
25 1097 6003 1010 8346 6519 2397 9118 9939 6298 4512 5036 4299 3060 3916 2699 9954 7313 111 1280 1488 2073 5159 226 9196 3812 
26 4742 3245 9947 9992 5620 1024 8620 4591 7546 9419 5052 5911 8961 4004 7435 2549 4791 4222 3109 4808 6482 7758 6314 2165 263 795 
25 7913 896 7693 6580 9871 6989 74 8450 6655 1065 5343 1151 3764 1117 4681 7905 7056 9423 1238 1894 7404 9967 8942 3043 9025 
24 4761 8979 6677 6013 6474 7724 326 3231 7149 7790 1657 3937 3515 8577 6501 8095 4019 3824 1614 2139 251 7283 2824 8684 
24 7320 6402 4788 501 7342 7077 2231 8438 8987 5694 8912 2075 4773 9588 8788 1618 7297 6611 6867 1865 840 2337 3048 4865 
24 3869 1530 3066 9262 5491 93 1692 7502 863 8720 801 8733 882 6341 8678 5869 1144 7781 7083 2677 1956 1972 7482 5573 
24 5049 1323 5193 507 6550 9800 4685 1208 2351 6556 6581 7060 6072 1915 8495 9540 6118 9986 2310 7767 9993 5312 4424 3041 
24 3024 5516 4792 3826 7004 1177 970 1012 8650 1790 1342 8544 6928 5564 9689 7659 9169 289 4844 2255 7115 3620 9569 9312 
25 1138 2566 2305 2352 6125 3845 194 8745 1352 4871 8244 989 6383 7961 4466 5 6954 1585 3920 7621 6723 955 4683 3749 1202 
24 2123 8155 6473 3775 292 2525 8855 4617 8645 3570 1538 5430 3472 6114 2672 9732 9609 18 441 4723 3733 2312 5669 5758 
25 1815 4914 4088 9362 6825 4806 3476 5981 3299 5166 4954 7727 6372 9979 5786 8598 4422 6973 2679 4251 1987 229 2951 5753 3012 
25 9003 3758 92 147 607 3989 5188 370 1842 6609 7868 5038 7529 8568 2087 7473 576 7359 8090 8221 7615 8100 5850 4716 3063 
26 3546 8302 2577 1192 9620 8952 2470 6413 991 81 3501 105 905 8353 1765 5066 2733 7345 8114 3835 2197 4281 4793 7559 8374 5791 
26 9913 8112 2418 7234 6662 949 4784 2497 5006 4989 2526 5452 5297 8125 3155 6303 2726 6617 7563 3162 5942 1659 8365 8331 5961 8939 
24 945 9282 7019 6041 7287 5838 2228 8291 7322 7531 4824 9083 7308 8474 3165 6468 2701 1927 4728 6795 9749 4968 2968 4918 
26 6189 6536 3531 8640 3119 2315 2717 9554 5858 4395 7479 2587 1988 4386 6622 5932 5772 2727 4672 447 5363 587 5596 270 8528 5895 
24 3253 3148 629 5539 9015 1319 744 4423 5309 7498 7689 6709 5337 7786 2503 5703 6050 3002 8683 4324 6869 5749 6019 322 
26 7198 159 6031 6198 2910 7193 3685 3939 7220 7272 387 8494 4253 121 2388 2088 1049 3268 3405 8218 6295 8971 7307 3954 443 3730 
26 8832 9450 3530 3901 2791 6745 8173 137 5835 2360 1498 7352 356 8037 919 8944 2825 6028 6759 3853 8126 4978 1961 3857 7625 6099 
27 7430 5507 7323 4195 8953 2000 7164 9556 2374 1724 3553 7578 8108 9695 2302 7706 2647 6301 454 559 3098 6354 299 6400 1619 9476 4374 
26 734 2941 8962 2585 4485 2601 3181 1281 8440 6743 9444 4440 5107 7159 1934 1749 7990 1278 9147 9007 9818 1938 8797 7374 7289 6246 
25 6424 9121 772 550 7823 2539 6366 275 397 839 8258 7461 717 3814 3300 3896 6175 1817 1354 5644 1701 3107 4695 6226 5817 
25 6304 6141 7595 4196 1534 9405 3261 3910 4043 1169 3432 1196 8853 9762 6440 4946 4763 5570 4626 7828 9531 5439 6569 3928 6775 
25 8578 4056 1257 9341 1348 4318 8932 7361 4369 7231 6755 6215 917 4975 8050 1411 4357 9266 1736 9287 5964 3367 3633 6441 4955 
25 7429 1267 8737 7120 5756 9722 3573 3843 9044 6359 9975 7331 7547 9900 6812 9470 7932 6948 5604 9663 1341 1120 8000 1813 1923 
26 6269 8449 380 8225 47 9033 9288 2547 8088 5352 4920 1770 589 2452 3075 3013 4176 470 6553 5657 2069 6610 1691 1562 4158 6477 
24 4885 7438 2008 7372 1211 2444 1914 4085 4289 4360 1175 8627 3118 4368 14 3653 8982 3093 3687 1043 980 4022 2709 8669 
27 4059 2060 8328 3050 7325 3317 9264 3016 2401 543 6446 5016 3599 335 5608 9064 5621 4329 9258 5418 6614 6959 9940 4416 7160 2224 8269 
25 4080 3276 2706 7203 3753 6708 1436 7543 7605 3085 4006 1382 2743 798 5940 9697 570 8110 3488 2294 8054 7969 3856 9865 2411 
27 7928 2651 3596 9151 4495 2937 3053 9649 3940 9039 4675 3116 1816 7940 7139 8911 8657 9998 6589 4967 6464 5664 2409 4392 4156 8925 6136 
25 8204 2963 5285 5901 7347 935 1733 6674 1396 7949 1459 4385 5105 3777 9500 4950 6528 8815 7845 9145 6016 6365 8429 5501 8972 
23 975 8243 9364 2900 6659 3907 9948 996 6380 4012 591 1162 5330 8754 5468 9501 5924 1919 5280 3110 431 9878 5361 
24 3197 7428 7915 8194 2355 8324 3999 4584 8105 698 8665 7651 7827 1632 2378 4229 9086 8563 2683 1095 8648 6840 869 3656 
25 4307 3068 7174 741 2079 2829 6833 4776 4712 9867 8687 125 3649 6267 1933 9340 5141 21 6187 3383 5551 2873 1646 131 8730 
24 3017 7041 3334 1489 3510 2121 5120 4093 6156 7075 8471 695 8514 496 7755 5667 1991 5839 9773 5157 5688 5108 9726 8022 
25 530 9291 9127 6984 7010 7267 9666 1746 9816 7749 7145 5801 4238 3506 1806 3144 5617 6496 9239 4275 265 2002 1653 9281 7395 
27 2135 8586 9090 6689 4206 8766 3729 5579 8659 2264 1715 9483 2154 3247 6866 7910 4887 45 8281 2827 8398 1751 5819 4378 1089 6250 8666 
24 84 2520 4109 342 1412 3174 3433 8750 4878 4330 4470 4026 1814 2066 1600 2553 5752 5342 5886 8523 9317 1558 939 1658 
25 2147 6076 5809 2556 7922 6268 2996 6272 2156 8049 6235 2466 3502 1964 3011 1811 1187 6460 5117 631 343 4116 5232 7524 9650 
24 4794 5477 2930 8854 5803 2805 4323 7353 5347 2476 7796 4144 5925 33 8270 7385 9622 9384 3497 1091 8818 144 8230 2961 
25 5890 1527 902 3773 1693 2439 9763 9335 3319 7351 4036 1075 1844 3592 3577 4081 5429 4412 6847 1483 3115 4987 2172 7450 7509 
26 1305 2838 7994 1997 3866 2335 4990 1598 1907 6504 8599 8294 8906 5527 6551 3217 4082 6147 6401 257 3837 2373 966 8152 8278 6675 
25 3257 6023 6956 5400 5009 8426 1460 1509 4356 6389 96 3191 3760 4453 4201 5509 9692 5242 8197 371 9517 4929 4741 6761 8895 
24 6710 6903 7224 9838 8800 4520 2348 2345 1839 2040 9062 1241 4235 5898 915 4573 927 5591 1641 9811 925 6626 2358 5877 
25 825 6329 9761 4869 3636 8981 8071 4930 5872 8018 9186 7871 8812 9098 6352 4516 1793 7981 9301 8526 1788 5697 4197 3886 9417 
24 2571 6338 2006 6012 1752 1980 9205 6414 8161 6253 9565 6486 8899 2242 9699 1291 4688 7776 3113 8837 8866 3723 8311 4732 
24 6711 9890 2797 5112 3396 8617 5976 385 7194 9019 7453 2387 1960 6945 5216 2763 1234 291 6789 1216 8430 4268 9567 5173 
24 7318 7710 6537 4872 7301 2626 8539 1314 1181 8516 6515 2434 7443 3955 866 344 6876 5455 6423 4273 9915 9522 9004 8535 
23 6735 8367 9737 2467 6451 1340 4044 537 4343 4371 9725 9964 5026 8757 4061 1445 4361 5318 2666 9573 2880 495 590 
25 6265 5868 4673 9702 5777 4003 4396 1872 3961 3547 5530 9754 2473 3078 7470 9519 2703 5346 1383 5095 7054 5077 9396 4622 7311 
25 6228 4171 435 5182 3991 8502 8296 3731 1561 657 3847 7062 1789 3201 7819 2582 5131 7697 3283 4820 7977 6111 1020 1730 644 
26 7104 284 8965 3157 6498 7870 5941 4624 8873 3360 7072 4096 7797 9230 745 4780 4868 6015 7517 3356 5364 8321 4301 4556 5416 8201 
24 1465 2385 8520 8984 5457 4045 9629 5032 412 7960 7729 1959 6100 4431 7644 9415 3001 4752 7126 1404 3480 1254 6148 4883 
26 3607 4346 2511 8323 2105 5662 6638 683 5541 7587 9630 9945 2380 1265 9946 3834 2054 6588 1442 1018 6233 7261 3427 4332 2764 4181 
25 4637 6199 4895 4981 5442 5045 658 5674 3266 9539 8428 3473 6726 2071 8472 1103 3551 1044 5773 4813 4005 5376 7487 8124 1343 
24 1438 986 6340 8028 8272 7967 4714 4992 3211 8954 5200 7939 2945 8315 8153 4633 9961 6145 4751 7410 1426 4700 1285 54 
24 4980 8445 1755 7891 6642 5689 1037 2882 8359 2542 2932 785 6082 3906 5740 3854 7424 129 1333 2421 3238 7391 9677 1855 
25 6694 5189 4593 6121 4654 9950 3811 1217 6471 8403 6270 7684 9857 4436 8005 8974 752 7822 2064 9898 5461 9443 4972 1905 8490 
24 1830 942 4282 9586 1146 7812 1218 5134 10 4397 5921 2364 8924 2619 9802 3882 743 8515 5119 2298 8036 7219 9834 2098 
25 4112 4855 3418 7156 1062 7078 9566 9395 1493 2205 5313 3784 6180 4262 4464 9170 974 2895 9438 4977 6453 1881 805 9600 1898 
25 1335 8675 4973 9199 1013 459 1186 4429 4805 3498 3212 8660 3374 9491 5151 2028 8058 7973 858 2752 4401 6817 5538 7943 1015 
25 3471 9042 9842 9537 1942 8970 9082 285 7403 2557 6727 7339 8513 7740 5249 4534 1155 9527 9360 7436 2922 3965 3412 3755 9034 
25 3527 9466 1414 1897 3199 4944 1804 278 6308 1886 546 9907 1236 620 3241 7369 3600 4458 5368 3595 3224 8330 1140 1115 2185 
25 9504 2828 4585 9845 8816 4128 5243 5704 2279 1474 1856 6038 2607 941 6846 8172 9373 534 2689 7303 5068 3819 8519 2579 9794 
27 8406 7442 8309 1580 9543 5995 8785 2247 5031 2042 874 4164 5183 7653 1405 8752 8393 2283 3700 5022 5806 1526 8770 8638 3378 8279 9250 
23 7685 718 2107 6641 7043 9224 2504 52 946 6299 4342 9240 3352 486 8341 7484 3448 7670 1225 9909 8948 3422 5599 
25 6135 9705 1002 3393 2390 5829 1132 9889 4786 1302 903 6733 600 2201 8014 8303 5833 8765 8322 8282 888 1599 5597 6419 2865 
24 2106 5060 6305 3482 2304 2846 7793 8247 7007 1237 1485 9524 4131 2496 555 3095 6107 5867 2155 3903 6242 6444 7649 4140 
26 3549 3976 4207 3779 7444 7645 396 1955 7418 608 114 3137 5278 6951 8476 1112 478 1536 8809 6760 9323 6782 7001 1087 5275 3087 
25 9401 655 523 4404 8038 1524 1913 6897 9969 7926 3659 4304 6906 1606 9957 8478 6306 4541 2277 2389 7979 1682 2998 750 5265 
26 6150 2742 1912 7602 7525 7140 352 1860 4491 8909 7598 1650 7067 9385 9492 9302 1321 9157 5413 1581 3734 9971 6753 8947 8874 3741 
27 9306 4143 7445 4863 8731 6002 8073 7000 3295 1051 821 7879 878 9593 4639 3709 5420 4283 1351 9746 6943 5373 7238 5408 5653 8884 1758 
26 2009 8989 4255 1369 5279 6122 7014 2957 5906 7643 7698 9163 8721 7142 7082 3744 5252 6796 1786 613 2454 1093 1573 7206 465 7590 
25 7553 9087 245 506 2482 3952 2281 2613 4007 808 3391 2124 2483 6109 2043 4551 6281 5388 2094 8047 8893 1805 6323 8013 8753 
26 5090 3629 7846 8902 7609 3381 9263 306 5692 7397 2093 2359 9982 2896 3707 1782 4995 4172 5910 8168 571 3080 3349 4325 757 1446 
24 769 4233 1835 6902 715 5523 8798 5559 7534 1165 8643 6554 5638 6688 2003 958 6941 538 8623 9977 7472 2993 7390 8443 
24 8784 726 3990 6248 4689 8259 2248 3 5083 9077 4730 2761 1666 3982 9903 4132 7469 5490 4364 5508 9061 2488 8501 7751 
25 5192 8489 830 7162 8864 529 7757 3049 1828 7726 2856 4890 1239 5670 7925 3306 6435 2193 75 188 8397 4177 4193 8480 3172 
26 3821 7114 444 2928 6021 2731 7791 4372 6678 7276 7573 1421 6938 4211 2168 5747 6791 1166 7170 8165 7136 3929 7214 8119 690 6405 
25 1978 8086 3542 9731 9463 254 6713 5593 408 9327 5080 8632 5088 4373 3272 8836 4588 6696 8404 3518 7089 5179 6702 5646 7826 
25 5668 4525 9495 2442 9038 7666 5054 6085 1999 7167 484 9344 4535 9618 1070 1214 4610 8998 6046 5148 4484 7371 7825 8596 1437 
25 6901 1090 8213 4031 5466 8261 4636 2412 7298 2417 8498 4748 2570 6646 9047 1289 5469 7839 1339 2698 4311 7814 5931 3185 2843 
26 961 8708 4959 5920 2809 4300 3534 1532 4801 5864 4198 6459 5155 8689 167 5357 1362 2962 368 1395 1147 7044 8497 7834 6918 6087 
25 7329 8671 8713 1232 8179 5464 3867 7867 8842 5502 1603 9480 1924 7506 7447 9074 5345 7788 8592 8405 6715 8308 7603 7338 6533 
23 5517 6026 8229 9192 402 2634 6882 7735 505 5733 8366 5919 153 4254 4860 2933 1074 6266 6490 6212 3021 3560 1744 
25 7557 7134 7117 7900 6625 5626 4549 267 4858 4613 5091 4800 4533 2459 42 9040 5789 1616 5831 2593 5072 7586 6527 9906 234 
25 222 3398 7398 2952 9180 3710 4266 8991 9884 800 4370 9844 569 6225 6238 5062 9280 2443 3718 329 5395 2492 3931 3838 1549 
23 6547 3622 3859 3974 5684 8189 3269 4173 827 4710 2350 3815 99 1334 3171 4230 4701 7722 6271 7239 792 7042 8980 
26 1313 3239 1560 2260 9815 5990 4035 1639 1741 290 9547 4477 1461 8390 4073 1108 8975 8846 2985 6878 4261 3265 1823 5348 9097 9088 
26 9305 5615 2313 2781 8799 6799 1294 8334 3114 924 1945 4694 8496 3194 2801 5938 4009 9177 301 4075 5685 5435 60 1540 302 9448 
24 2507 8158 9952 1637 7415 6848 8268 2831 8127 6905 3467 6083 2472 5947 9455 5015 5846 1661 5974 9399 8080 835 5953 9885 
24 8509 1845 9452 1521 4062 9114 1057 5101 3829 9208 8170 8668 1058 77 7225 1021 8402 6057 1514 7138 5988 3514 2755 3780 
24 8219 6399 374 2927 3802 7446 3358 8821 6033 4651 8136 6232 1094 5450 5290 6037 3304 7032 13 4554 638 6960 8582 2528 
28 3055 3692 2711 9313 5712 5245 9272 6078 1424 8903 6245 2780 678 3933 7137 5997 8706 8867 6860 2719 1696 7718 759 3836 8532 492 7393 2773 
27 3555 1866 1605 8652 1710 5837 8990 7407 8410 6357 4892 4400 7921 2343 6190 4027 6231 2995 4126 8920 5233 8581 7753 7601 4962 828 452 
24 4733 9503 7135 193 645 8950 7143 5340 3221 4835 5154 5496 2826 7439 1231 8041 259 149 7416 8137 4490 1080 7589 5176 
26 8342 4194 4475 5359 2867 8134 8094 716 3291 2632 1428 634 1854 4596 3674 8904 5612 2194 9717 6769 9351 3346 5456 2902 5575 1322 
25 8587 3541 7207 1564 9141 2272 4884 2745 5904 5627 1531 2561 94 7523 2186 2555 3936 3604 783 4606 7242 3033 6507 1740 2983 
27 9544 4657 8629 463 1949 1030 7579 6513 699 5650 1911 1182 4575 6056 8621 4110 404 8680 3330 3390 6621 605 7851 5269 5412 6368 390 
25 6466 7319 7837 1142 2737 2383 6772 399 8705 1591 567 4362 9742 2489 5153 6157 6651 6318 2080 9308 2623 7783 9532 4124 7038 
24 6044 7451 8464 7366 3851 1455 8148 2213 8672 3397 8852 6854 6583 1678 9905 8286 5677 8409 1085 1663 3899 3727 8850 1542 
25 1528 6403 6639 9226 2972 4628 7344 1937 4326 5724 2413 1477 3761 7071 9812 2405 1728 3088 5058 9115 3662 3985 5652 6278 4040 
24 8630 7690 9720 9576 1121 9784 1513 1471 4798 5106 2462 9471 8600 9222 8741 2833 7991 8386 8517 7302 4354 8002 4399 9568 
26 2432 3564 9538 7211 2233 4703 8266 9785 1709 8779 1875 8749 2288 6886 8026 9708 351 3720 5177 2629 9775 4898 8700 526 4509 3288 
25 9670 1349 4867 7808 9475 8298 6858 9570 668 2837 3045 8116 5590 4999 7886 3827 2437 9269 2728 7526 7358 3064 3612 2090 5046 
26 8435 5649 1745 9485 9158 9789 6420 6009 6283 6319 907 2256 5484 1946 3018 9911 2262 3677 5813 6194 8927 8216 7581 7008 5542 5549 
25 8699 3435 5241 6909 5875 5240 1078 7610 1338 2990 5180 4590 6531 7275 2980 597 3343 1748 9895 3059 6595 247 438 5855 1374 
24 1593 7171 5695 6657 6921 4125 689 2285 4259 4123 4055 1743 6640 5258 331 4438 7669 2879 7725 8677 1006 4018 4599 9277 
27 3371 7243 4139 6279 5860 2898 457 7633 2762 9866 4070 904 9009 9758 5785 28 7378 7050 2660 2059 1928 5696 6010 5467 7855 1948 1403 
26 1209 1984 1550 4875 7804 9934 1041 6398 2913 2025 1541 9053 5642 1071 1566 5823 9041 294 4265 6005 3344 6112 8226 9058 1962 8217 
26 3200 5686 348 1734 881 5486 622 2924 8889 3782 8772 233 9598 2365 6823 547 4581 5489 4459 4448 136 3507 432 8716 7173 3277 
25 8262 6119 6985 7764 9574 272 2596 5522 7608 5181 3680 2215 9342 3379 2212 1792 2024 9010 7315 51 2615 2273 1951 8441 3491 
25 9965 1100 1272 403 3798 282 6020 2552 8916 7746 7130 6915 6671 3178 3878 4465 5247 9059 9257 9723 5775 2964 3503 3246 1699 
24 1635 6293 832 8072 3947 4279 6923 7987 3997 4039 1979 5079 1819 3554 3660 5643 6049 2823 3198 1576 3386 9146 7713 9176 
26 4071 3051 266 6493 9046 4170 9508 3278 6643 4804 7021 9572 7292 9678 6506 3260 2161 3957 1882 2182 304 9792 7771 9296 9467 4931 
26 394 166 8747 2399 4986 5709 5021 8431 512 3406 3368 9575 1519 5139 7838 4508 1073 7806 738 932 3702 9131 5399 9765 4795 5248 
26 7677 2112 175 9276 1700 4256 2198 7627 8493 2667 4001 1651 9634 4831 7094 6728 3876 9434 1820 2486 4911 731 6113 2822 1244 9999 
24 271 6132 5426 8239 5043 1861 5870 3154 9701 1917 9386 2092 8536 4632 4579 9521 5845 1295 1092 2055 2448 3341 5334 2038 
24 32 7864 8187 671 3065 1529 2771 6442 283 723 3177 9933 4574 8709 7736 9868 6014 9808 4916 4057 4446 3134 6349 7175 
24 5282 6244 8940 7882 6196 6730 9136 3135 7552 2111 6234 2406 1184 6017 9683 7400 8647 6731 262 1114 859 1258 1939 4530 
26 3281 4706 1406 9617 7209 908 5351 8960 2119 6223 531 9853 5639 7747 5914 4589 721 1877 9814 6176 6230 8777 2786 2669 479 1134 
25 9581 7692 6767 599 7763 4832 7365 6800 4497 7971 9107 8742 5102 4616 3568 2394 9966 9958 2301 5812 6154 6494 1247 3897 7058 
26 5445 8104 5970 9144 9165 6247 9284 6930 5958 6251 1325 6167 4569 7018 7902 6328 3917 2767 4976 8658 8372 1732 2564 2427 8333 1929 
24 8978 9610 1725 4002 3722 3193 6387 7556 6736 8531 1977 7299 1533 7734 5128 6396 6088 9674 2430 4145 6534 1708 8722 4649 
25 5693 5324 6742 6237 4709 9968 1355 4159 223 6648 7177 3061 1850 7963 1975 9978 317 6310 6691 796 5606 455 5044 5125 2276 
24 3236 6485 5899 6967 5892 2241 1791 1604 2694 7935 9578 3948 6926 999 6108 5056 9427 1274 8824 8185 4127 5672 2909 8123 
27 5424 4948 9926 5636 6538 6208 9246 720 4834 202 9441 524 754 5231 8469 38 5732 810 9057 5742 4570 8839 8877 635 8861 2868 2300 
24 4648 69 8996 9729 5815 2159 5375 5715 4608 7638 3963 7782 1130 7488 5822 3091 4174 5207 6958 2905 6997 8138 8789 4271 
25 5086 9626 95 6893 9219 3123 5495 2190 7528 2633 3913 2796 8004 345 9379 1739 3376 6052 2258 6978 8046 6300 6686 4120 2450 
26 1178 8128 9406 6484 5161 2718 9321 230 485 4985 2850 814 8164 7695 4454 6130 7269 9189 7362 2144 8299 6487 5414 1825 3310 8847 
27 4309 6361 5771 2464 7558 8831 9052 4384 8760 2644 5534 1989 7425 5763 8051 363 7022 6543 2872 6555 6065 3911 7673 7241 3337 9215 6872 
23 666 9846 802 2402 4965 3799 9930 8933 6996 5680 5336 9016 5053 5185 3944 6217 5673 471 9577 7820 231 9736 4719 
25 7070 6922 5678 7628 3054 6529 4270 639 732 2861 7680 2268 2950 1122 3004 6436 7412 1795 205 327 9782 4277 8913 4383 107 
24 3972 992 8444 2220 1004 8237 4857 3439 8512 2535 7195 3852 8764 988 6140 5985 3998 7974 8132 3902 9329 5230 1868 1173 
25 88 6438 3105 739 5201 4939 9449 5600 2116 5827 358 4597 1583 4190 3297 3285 6998 7801 7818 6045 4577 1204 8260 9739 1622 
25 4414 8338 9289 6562 5764 477 8843 3141 8228 5614 2086 8475 8886 517 9973 2925 3070 6334 5613 2866 1139 70 5370 1569 4129 
27 7965 3830 3675 9752 7984 3104 6000 3487 9832 2414 3967 6254 9594 5945 7492 6287 9562 959 103 7752 1462 7268 3526 2408 6032 2851 406 
24 5721 1189 4966 15 7148 7236 6042 4876 2901 9244 8819 6344 7033 5585 788 40 466 7087 3787 7844 4592 1356 9931 1662 
27 9852 1613 1833 6818 4652 8184 8814 9474 4635 659 813 1922 5168 3215 2716 2849 6841 6211 2046 3434 5470 6701 4157 3978 446 616 5020 
26 6656 4028 8698 3646 5082 5698 8326 7807 4595 1695 3496 116 7875 2923 5165 4146 1061 3694 8180 5936 1318 1966 8070 7566 3737 89 
24 3572 4228 849 9684 7594 473 433 8293 6953 8725 6416 4708 8068 4856 4928 8391 937 163 6834 2280 3971 4811 9484 1425 
24 4437 4882 5012 6173 8035 2969 4566 1597 481 2590 1179 1032 9315 7511 7885 189 540 3240 3724 1249 2544 737 6127 3284 
25 4377 9559 1494 138 5017 199 9167 2958 3645 6162 6277 4234 1737 803 4030 1617 8734 2734 8141 2550 393 9766 3643 6311 3274 
26 4984 9680 1500 711 3740 2 2649 1045 8306 6081 8129 3590 875 1399 8571 8117 5326 4692 6914 5458 7533 8012 2939 2499 2609 5745 
25 6115 57 5866 3669 3708 8591 5123 9425 6054 7761 5099 2769 8388 1719 9516 574 3227 7896 6988 4390 296 8319 9876 383 4886 
26 2784 4704 3833 7172 2324 1345 873 4121 2076 8481 9233 7890 9352 5374 9142 8256 4257 1847 1159 8255 7152 3517 994 3792 1304 9910 
26 6412 3426 761 7792 461 9209 8009 1466 6179 6856 2045 9506 5660 7815 5447 1926 4462 9446 5203 7221 2030 8778 3688 2554 7519 2457 
25 9393 9864 2275 4677 6571 4411 3489 5092 2214 7699 2800 5780 9381 1754 2842 6653 1925 1890 7295 8641 3525 5726 6355 948 2926 
26 700 5335 3442 7196 6476 1276 1831 2174 5548 4988 2173 6376 7674 3152 9155 2063 2807 7026 1077 1901 5935 8044 2463 2890 1230 8377 
25 4020 422 7191 4558 1252 7575 8761 6326 5655 714 7248 5267 7872 9672 4114 1468 8696 1969 4769 7051 5354 1350 5476 8921 820 
25 273 3170 3414 5263 7654 1387 2513 1050 1286 3841 4964 2328 9534 1943 3516 8380 5595 5431 8863 7898 6434 321 2936 1083 5110 
25 4214 6039 2072 5237 3044 150 9496 624 2178 3328 4478 5810 2567 5761 9091 7970 1296 1555 9076 8701 6981 5891 8712 9172 8106 
25 3329 4034 8376 8806 2648 7770 7630 967 7101 9055 696 2636 6887 5755 6343 440 1133 9251 5057 5918 4671 4908 1378 6613 1507 
24 9691 2217 9679 2235 4705 9632 3625 4979 4739 6001 1671 6532 6937 8427 1582 3143 9014 6576 5463 7348 2610 8211 4650 391 
25 157 2026 5853 3394 2270 1248 3537 9799 4388 1711 6469 8192 6320 7942 2759 2655 314 3280 2286 6388 5175 3223 9673 899 9606 
25 203 3112 3770 1553 1415 1963 7217 516 260 5824 9093 5793 6274 1832 7158 5671 5893 4097 6637 8087 6505 4726 2441 3613 7035 
24 3375 3420 5437 4249 728 1297 1449 2236 5132 3372 9422 5129 4413 776 3452 1476 8417 1909 3099 7997 2914 7053 6339 9916 
24 1995 4958 8521 3463 4937 4291 742 1672 542 1781 3308 809 8661 3706 735 4498 5982 9656 4252 9700 6260 8870 1076 2659 
25 5227 4511 3138 3615 2415 280 5700 2505 9821 851 9872 2676 4853 7948 2379 2517 6673 8919 4785 5024 2251 4901 5578 978 6721 
25 6794 9166 7555 2261 338 4209 2857 3474 7250 5211 3089 9001 6184 8771 6599 9221 5344 8151 7518 879 3140 5415 1213 5960 3014 
25 7141 2559 3468 665 4072 2600 865 5520 4064 7613 5908 6036 7897 2014 5805 8358 6788 7332 4236 2113 3558 9918 6461 3711 9294 
26 277 9619 704 2543 3921 4154 9482 6422 7661 1876 6370 4933 8245 1246 3831 4559 3486 7413 3214 983 6090 6170 6687 9530 4310 9849 
24 7640 7253 6058 6987 65 582 3216 7648 1145 9682 9337 227 9688 388 3519 4183 1279 8422 6895 9555 7789 9304 361 5731 
25 4829 6327 1601 7535 377 6920 1199 2246 7086 4529 8289 7858 6259 4743 2758 1026 4956 9604 4079 4925 8941 2445 12 9854 1359 
25 2949 6220 8686 8840 7920 6961 9694 7440 7958 5519 2341 515 3726 4505 2514 2871 4367 5170 2725 3705 8454 8433 962 7766 3020 
25 9347 2384 9564 7048 8768 9859 7389 8917 2875 3738 337 9662 5428 8307 9529 2749 2545 31 2475 7720 7667 9716 6191 7950 4363 
27 2296 2869 6698 9595 3666 7799 987 7237 6806 3701 151 3164 7326 1649 3594 8394 3661 5389 8574 4199 5630 246 3994 9599 1848 8674 9430 
25 2531 9207 9011 7787 3475 6480 1796 826 8339 256 9828 1679 2012 6511 2199 1440 3235 8183 7029 5162 2049 5937 7343 6330 8825 
27 606 3693 6101 661 5818 8670 9657 7636 3117 6756 1668 9801 177 9686 2991 1780 952 3800 602 5768 5392 9210 6931 2529 4778 9891 3619 
25 2603 1079 6316 4245 918 5954 6803 5050 7360 3163 5103 551 4202 5353 2911 3419 2191 1484 705 8552 1284 5067 5130 2953 3638 
25 8803 8681 4717 4331 7064 9292 4394 3842 1233 5140 154 1432 6578 4382 6525 3385 3561 5741 9580 8461 7202 707 5865 8169 4790 
26 61 2536 3190 6884 5500 1685 4050 2710 4561 1098 8039 7006 2808 3895 2095 7774 2575 460 5462 4991 756 1056 3617 1878 3887 9938 
25 8890 6160 4544 5902 3584 1123 8193 9075 9983 2558 9447 5532 9582 7046 7646 1219 595 5928 1683 298 7350 1677 2563 6700 1137 
25 2774 8378 7548 98 8551 3495 4493 2033 22 5220 2884 2404 8969 7944 8743 985 101 6070 4905 4926 3322 9642 8215 7166 7335 
26 3067 1735 5967 6356 1104 6764 4443 8688 2407 1941 8504 5097 5529 6972 2282 8729 5355 3040 8340 8554 7593 6193 8934 7842 1545 49 
27 8203 9316 5996 2180 5769 8609 5603 965 2128 7619 7091 7635 4016 8011 3079 6744 5385 5195 6635 16 2987 6351 8091 6371 5545 5842 5273 
23 533 9464 1589 7876 6367 7663 104 6375 5619 7779 3438 7728 5966 340 8570 2569 7409 3932 472 108 3618 7182 6524 
25 4848 6645 560 5070 1592 1681 3657 8121 5481 1423 884 6658 3166 7919 5917 5820 1812 4188 7978 9126 6074 1136 3637 5047 8685 
25 6239 3697 3147 1884 5847 6200 6821 682 2682 152 8937 6497 3874 3309 2789 6386 2474 1648 8522 3684 8718 3884 2618 1084 7938 
25 6404 8856 91 7515 7080 6425 4686 2017 1965 3446 235 468 6178 5164 640 7132 258 712 5989 7382 8089 4319 4091 5977 2794 
24 1200 5295 9751 5212 3925 1871 5367 5169 5005 7222 1885 2744 2047 3868 5223 4646 3670 5797 1128 831 6890 3275 807 6439 
25 6110 8462 1263 2082 1353 9100 2164 7933 9237 3750 6336 25 1463 7703 8525 6195 5239 9154 5705 2289 3431 3069 2704 913 5010 
25 3544 1511 5799 1689 9640 572 5187 2031 219 6324 7212 9704 4912 7324 4562 850 1337 1329 5560 8451 3287 5682 1153 2724 3771 
26 8484 8425 922 2967 5885 8277 4119 7829 112 2122 7259 4655 4398 449 9261 115 5922 2965 4859 3943 6819 7257 5647 9472 973 3984 
26 423 24 3816 3384 9031 833 4274 4297 5391 8833 7865 500 9904 5951 7354 6374 4837 885 9486 4982 9791 8468 8907 1718 1038 2815 
27 5299 4502 1215 2327 3640 5699 5308 7682 9298 7277 2142 2768 7306 4472 87 3759 7853 7717 7305 5215 1172 6545 8238 548 9309 5536 8048 
26 6916 211 4355 5907 5971 3672 428 8283 6862 2023 6712 3225 1167 4621 7396 2573 3981 3563 1998 944 3359 5798 2591 20 4557 5029 
25 9020 6252 1630 5861 141 7647 2291 3228 552 3673 520 4932 5004 373 9260 2367 834 2120 1772 6257 9661 2070 5659 5790 464 
26 1609 6202 1491 1271 3789 4699 5658 9636 8284 930 6362 9583 7003 1766 23 386 3186 8234 5912 5683 7481 1277 6022 2816 836 8611 
25 190 1773 212 1723 5566 8767 2979 2498 6738 3342 9050 9822 9592 4148 7652 2812 3449 3844 7959 4697 2361 5944 8994 1652 143 
25 672 9137 156 3790 2663 1081 8510 5792 5323 6169 3182 2420 5421 1229 4736 8845 6411 1824 3627 2371 5571 7611 7983 4054 535 
25 585 3605 6618 9045 4605 4924 886 83 887 4560 2841 3962 9858 9603 7483 2616 619 5109 7244 4771 710 6586 3032 8171 4338 
25 9851 2293 4450 1803 7873 2206 3233 90 3121 8562 9236 7505 7256 1631 5475 3628 9653 637 1990 9032 1579 398 9829 7057 2862 
25 2788 7118 8021 6815 5557 5710 9980 7176 5565 487 7333 1596 4461 5488 53 8810 9767 4620 6481 7310 579 2853 3264 5788 1858 
26 2986 3849 1101 7456 6450 2599 244 6331 7778 4336 3813 9113 6549 2440 7124 347 3242 1180 1654 7402 1624 4755 2353 1880 5063 3860 
26 9627 9409 633 6752 5356 5380 8560 997 9357 536 2766 467 789 1308 6449 9893 6447 6105 4896 9589 4215 5531 5111 4286 58 2627 
25 2356 4507 3778 649 9847 7316 8300 9278 1307 279 6560 2102 1188 7449 8436 9414 7892 324 4702 1851 3522 1242 8964 746 5296 
25 6418 3047 5287 2748 9631 6503 5583 4441 3776 5094 4439 3794 350 5039 8317 3548 8602 8130 7772 2010 8898 2617 5916 7459 4961 
25 303 1869 439 8956 6426 1587 4957 8546 7551 7455 6243 2303 72 5648 4627 2369 7880 9162 4010 3690 3369 4900 8453 7813 5471 
25 2056 7861 8637 5369 9645 4953 1834 9774 6205 5268 6297 7125 8881 1608 3142 5075 7514 7800 4316 3591 7824 4185 7376 8959 4640 
24 4935 7040 8379 9817 5879 2244 6816 120 6719 8200 5498 1069 3582 9122 8223 349 1148 8061 430 2886 4321 6934 6917 8078 
24 9164 553 9273 9487 618 3159 6102 9941 3757 4526 9479 4638 7486 5236 2346 3801 3015 5257 5876 1456 3458 2620 8384 6060 
26 8557 1111 2639 7463 2622 724 5983 9103 6415 3808 9403 4919 7113 2340 3320 8500 6432 8780 5419 6544 2730 6479 4803 7742 2509 976 
25 5358 7884 730 3425 9191 5291 857 6462 4880 4521 7327 3209 9096 9607 8224 9051 804 4375 2372 1347 1174 6770 1060 7011 2491 
26 627 2973 6649 8227 354 951 4426 7282 786 5553 4746 5341 2428 5028 5100 2325 6224 7995 5750 911 3652 5499 3825 4760 7996 1064 
24 7862 8055 8274 1799 5994 1470 6602 7417 9153 9687 8074 9863 6679 7592 4934 4612 5737 6035 3256 8690 6093 3791 4531 9311 
25 1867 9411 6188 2787 9912 8263 8214 4906 5959 8695 5194 5383 3823 7541 6720 7544 4272 323 8162 7161 797 7069 44 8540 3914 
25 6952 6971 9505 9981 4825 7384 3262 883 1776 319 9460 2058 8208 4051 7454 9755 4864 1262 1011 1822 7251 2516 5331 1086 1306 
25 5402 375 372 1160 4907 475 3754 6741 1255 4358 9400 1458 5807 7945 6275 8145 4598 4567 679 7426 1149 5841 2876 7568 4799 
26 6822 2316 8795 9744 8945 7119 6888 9026 9469 4852 3873 6043 8692 5186 9841 308 2654 8790 4500 6086 6315 5979 7537 3889 6470 1022 
24 4184 3795 7493 7874 9054 6548 7286 7474 6859 9839 2852 8325 6117 8109 5251 6166 8997 3715 1127 3417 914 4891 3350 5438 
25 1543 4659 8040 1223 8486 9671 3699 8160 817 692 1857 6219 6077 7063 4083 9587 5115 8 3252 1164 5333 8957 1003 3870 562 
26 5387 3632 1910 1568 5569 3970 2702 4060 4874 9880 1135 7711 7462 367 6619 981 4963 7821 4564 3898 3959 7773 7617 5836 766 2114 
25 1992 3817 3196 9138 8023 6885 2375 9734 9929 1409 6006 2183 5993 7694 6428 5284 5927 7530 9056 6612 5896 2007 5264 4691 9404 
26 5440 4842 511 4247 8901 2799 1106 6066 5962 5301 3136 5802 4571 6801 5321 6146 5126 7859 8006 525 7100 6667 3934 1150 3125 8923 
25 920 8792 2181 6067 2885 3583 8101 4345 1033 1687 5310 2403 7421 3635 7785 9212 3465 6968 4993 8710 2321 3035 7201 9454 1452 
23 3103 823 8412 6757 6437 4663 9229 1381 8357 3361 6395 9036 3034 5276 7388 4231 8567 1118 3850 5586 9488 1479 7223 
25 9976 2357 5087 1729 2074 4496 4014 6963 8691 2688 9348 8241 1807 2588 3102 9585 2870 4067 3415 3455 9507 7489 4488 5665 7467 
25 400 7129 3735 7380 8573 7769 3459 4921 1827 3796 8549 1785 3161 8875 3389 491 2083 9200 781 5811 4766 2202 9069 5859 6096 
26 8236 2245 5663 2216 4008 1402 4645 643 3332 6747 1450 1499 8010 4810 7452 5546 7336 3983 1487 3719 2693 5190 7154 4192 7714 6348 
25 6706 956 6652 2657 8395 9823 6898 7860 9111 97 2756 2306 4351 8759 1482 4668 2643 1798 8707 3026 1731 8572 2806 4580 7496 
25 328 4115 4767 708 8967 2314 9512 8470 8883 4011 8034 37 5528 7895 1283 4774 4463 9541 4676 8084 811 8122 7349 3631 5443 
26 7499 1269 4410 9128 3623 6159 216 4046 2323 6312 8135 4100 6309 4076 2994 8985 2966 1 221 8663 9827 9119 3562 7375 8267 1439 
26 4428 5381 9104 66 4111 35 4758 2754 4947 1629 3828 9363 4389 1590 1675 4572 6684 8015 2855 592 5253 2103 8371 418 3413 7441 
24 6780 7554 6409 1644 2171 6751 6008 5453 8793 2081 4482 4486 6826 276 9428 4226 9343 2583 411 6955 2238 7731 2363 7881 
24 1372 3585 1221 660 9022 3443 933 2760 6777 9490 3763 8958 9285 3598 4469 3766 9793 4737 1643 9391 1931 4292 316 5973 
25 2735 169 7263 4664 7150 8150 4698 6669 1996 5605 3331 584 4480 3935 3695 7317 185 8751 3407 26 2211 3111 4341 1713 4186 
24 8559 9202 8575 8774 7843 1047 5584 8583 6292 2051 8252 1775 6472 7213 2685 5581 3019 6335 8891 2032 5055 7105 7953 1157 
25 5856 4826 7512 8506 5256 4879 6290 1756 4734 2956 4415 5199 3696 4609 4917 6256 236 960 4000 2821 566 4241 8802 2540 3927 
24 9698 5766 5300 5289 993 320 812 2016 7588 4822 6284 8649 7200 9223 1059 2894 855 2347 2736 5543 6870 4846 242 6603 
26 1503 1227 2641 799 9897 7227 3338 545 9185 3682 7550 6463 6774 113 777 6183 9468 5506 2131 4118 504 6517 2818 1808 6011 5224 
26 7249 4873 6526 5425 990 9190 3691 2284 847 7363 2944 4603 3511 2708 9245 5229 5550 4660 4288 598 8202 7002 1626 2845 4812 1704 
25 6654 208 2661 1102 3601 2332 7762 2431 6940 3354 1067 3145 9275 3392 3539 9528 2013 5972 4180 1418 4122 8131 7968 9336 1935 
25 9996 7346 1220 7226 6939 4264 8545 7508 3232 5314 5427 2510 7265 4974 6055 134 5645 3031 7591 5147 7356 6153 7192 7235 4501 
25 5727 1363 5535 6871 7490 9270 5503 7679 5878 7616 3968 7599 588 4514 5986 9862 6845 4731 7863 953 2625 4476 3950 7708 1958 
26 4435 9549 1883 4756 1738 1048 6873 3483 318 9135 8297 2804 8746 6683 5338 3481 5178 436 1846 4303 7597 9614 7565 611 3781 8594 
26 9888 5719 6965 6647 3904 4782 5008 6908 1224 9080 9870 2438 5156 3008 179 5259 427 5781 3926 8488 5505 3128 3644 5286 7937 4817 
28 297 187 554 6809 9628 5014 6762 3578 9886 1502 7028 1539 2803 9320 7893 3509 4715 7258 9660 255 1983 1974 2308 6390 1547 8727 2521 6600 
28 5235 3786 3167 7901 8783 1873 7102 8188 3173 979 9962 3915 3027 9924 6604 5329 8060 8457 6391 3624 898 4417 8704 868 5272 7458 4563 9339 
24 7230 8191 9394 2234 6907 6181 5360 4163 4074 3022 9367 7016 7798 3183 7127 281 2027 8396 4506 2604 9850 7163 4042 3975 
25 2783 1843 934 5933 4787 2959 7392 7927 1612 3323 3846 4053 3363 4487 8017 1116 6598 1007 132 8467 6995 8738 8253 176 5840 
25 2436 5955 3249 7941 3092 1245 6407 2777 6620 9188 3575 5610 3803 2524 1027 7850 2265 6207 4165 4510 3189 2628 4729 8178 7600 
26 677 5089 6784 4302 4843 8547 456 9175 2209 929 1742 767 384 2621 964 3071 977 171 3312 9217 6999 3158 8276 995 7183 8210 
25 9550 225 7576 3663 9382 8020 2722 7732 8813 2640 1457 237 5315 4381 9518 7027 642 2035 2219 3671 8154 79 8423 623 8762 
25 2576 7759 5409 9030 4594 9813 9112 774 3230 5372 6353 5851 806 4543 407 8354 5226 6990 4267 3254 1360 240 1082 4049 7739 
27 3654 1986 8198 128 6321 4213 2589 9228 8624 7849 5880 4430 4407 4089 2674 228 861 7096 8460 8369 9332 8541 4425 9198 7146 181 5884 
25 117 5751 6133 1250 8368 4352 2665 3139 4528 8233 7907 6382 9235 9372 7560 4797 6979 3769 1720 5676 5883 2148 3987 4540 8113 
27 9267 4017 8290 6582 8447 580 1105 2039 1768 5411 5307 5804 8416 7330 6325 4340 3399 9377 5096 8482 1400 5002 4492 7168 6631 7123 3883 
25 4679 417 4328 7686 1584 3524 3454 2921 4092 3429 2810 2832 359 9324 9908 4721 3581 9596 1161 4578 5718 4298 9533 8195 2606 
25 5497 6048 3557 3721 7464 8285 365 8099 9183 6608 2834 6377 9825 7908 2860 5197 469 5946 3609 2847 6792 5398 5434 5048 6051 
25 3743 2999 1430 6168 3469 9297 1031 5779 5708 4539 676 5483 8065 1029 3348 9807 7431 1638 6661 6177 7954 8607 9120 3313 3858 
24 6875 9068 7434 9513 3077 458 6155 6203 4335 2977 286 4037 7634 2317 6495 9997 6577 1467 7052 3464 7678 9956 8275 8199 
27 2920 6004 1311 8878 1838 1721 9923 9195 1023 9101 7516 5882 5765 6957 9788 3296 9843 1303 6779 5625 1586 7976 3504 6828 1301 3588 2253 
26 1515 2512 4208 3122 1176 9283 4499 8610 2468 1365 155 6707 4565 6071 2137 4738 7480 333 4427 7337 648 8556 794 3762 790 7809 
26 48 6851 3203 164 7379 9809 9388 9882 1702 1154 215 4107 6369 3810 3552 7672 6591 180 1841 9644 3576 3207 6717 7676 1185 2691 
25 8175 7768 3057 3807 6946 8007 6345 4623 877 4847 6681 9833 4722 162 8655 8264 3357 1572 9840 7485 6991 5631 4077 8163 9637 
25 3616 6222 4546 3220 3986 482 3271 2062 8976 2041 880 9125 6660 8533 3960 7419 6781 4768 1849 2490 3000 8636 3259 784 1615 
24 9625 1784 4260 76 9139 6261 2129 9333 2398 6478 186 9584 6276 3056 2877 5492 3728 9365 1454 9387 5848 1035 7606 1809 
24 3411 7889 9743 9735 2790 947 5163 5167 3494 5909 3752 8697 8418 7262 5871 2458 4162 8966 1698 4923 4133 2671 5504 8337 
24 9078 300 6630 415 4854 7650 5124 3924 2765 1053 9899 5691 5725 2177 7765 3303 9936 5687 1570 3081 0 1602 3097 2664 
25 519 9707 4021 64 3314 9710 498 7629 4250 1328 7536 8003 1039 4809 9295 9741 8240 3175 8735 4753 8808 182 5661 4315 9759 
25 5948 4421 4376 7903 7208 541 3686 6811 5027 2109 3404 8807 8857 80 5722 3100 4032 4927 8626 9616 4735 2210 6241 4861 4996 
26 6053 4815 9830 5160 7266 7847 2179 8314 4137 5999 1688 6798 9353 5487 2678 8144 8387 5969 8249 3301 2795 8174 4779 8885 8726 664 
25 4379 8588 9035 3993 7811 601 6163 7662 5656 8181 7260 909 7743 4025 413 7545 8483 3742 9664 2158 3302 5225 9753 3586 5555 
27 5137 7612 6836 1697 6455 7691 6832 7707 8103 4644 889 9408 1434 3881 5152 1099 3062 7015 139 5401 8714 6573 6935 8280 5588 9776 6492 
24 3603 8566 9526 8739 3466 1902 3292 8550 9247 1310 4849 5482 9989 145 4754 6936 8676 5623 6500 6458 1377 685 667 7264 
25 1240 5218 9696 9712 9920 2568 4024 2153 5701 7622 8220 9728 6282 6174 8579 3980 3676 1859 9560 5814 6933 9354 2586 6063 9005 
24 6296 753 9497 1930 239 2330 2653 1932 6540 118 2146 9440 7030 564 7583 4419 8097 9750 1706 1210 9721 5873 6 6285 
25 7993 419 2673 4113 674 7312 3717 8995 7737 9102 6763 4827 647 8983 5365 2067 2192 5436 8561 6229 6152 5030 9184 9227 1726 
25 8787 615 248 3651 9478 5172 2614 9330 2955 8662 3428 5221 1464 6628 6406 5594 4674 7073 4904 5051 7836 7632 7036 1680 1705 
23 5744 6430 6280 5064 4821 1537 4204 8926 6802 670 5171 2572 6427 8805 5580 8385 6830 140 4103 4922 4023 4041 7111 
26 1447 3090 8653 9402 4130 7810 4117 5514 232 841 379 2068 1388 2574 4524 4102 184 3086 4442 7184 9676 764 1559 9380 7304 3492 
25 2934 6924 9109 893 7334 4744 7370 1143 3919 4244 2560 9073 9856 5422 5327 8608 4447 8455 7624 1760 8507 2287 3679 9178 9123 
24 7975 921 9370 9433 9987 1429 4840 6552 6829 1985 7817 6075 1401 2721 9861 4403 1390 6249 9937 6448 5784 1472 3028 5478 
25 4687 9654 9473 6729 8595 7912 6982 9361 6116 6262 6264 5255 8605 6894 8355 8356 8756 4522 9220 9489 8251 3630 3536 5493 9608 
24 6139 3364 6393 1251 6896 1981 4405 5023 9060 3213 453 5114 2562 6347 968 9148 7218 8724 78 6676 6993 325 1327 5446 
26 8382 8758 6877 4200 8915 4938 6165 1198 7501 8542 2793 6904 4155 9108 2222 727 8829 8580 4518 3039 5889 7112 160 6644 8463 632 
25 1888 6024 2108 6879 5794 6983 5222 249 8437 9612 4902 9748 4280 5298 158 7854 6144 9883 2226 2595 9747 8612 1636 1293 6302 
24 6410 5234 8801 8973 3862 3222 1357 8763 8030 2668 703 6142 63 539 1126 5754 6489 2342 4320 8232 2257 195 6623 9668 
25 9805 3655 4063 2982 1005 1443 8548 4029 1779 3894 6813 217 3979 1554 426 791 3567 1506 9271 2887 5202 1207 6766 4013 1575 
26 7585 9140 2143 6746 6814 6255 382 4764 1393 4217 7914 2018 1787 7155 1904 3003 6236 2433 4333 3447 6509 5138 8723 4483 3286 9960 
24 8711 3513 5465 4749 1453 9152 1275 510 3788 2741 8408 5135 1954 8242 4997 8206 625 9214 5778 2318 4296 5714 1577 3871 
25 8024 7188 1862 1944 1433 2515 2938 7570 6974 6337 7153 1563 8400 9995 2630 1940 3290 3046 1129 9253 6417 6288 9203 7986 8865 
25 2278 2578 4586 1309 5306 2115 4105 6925 4359 2712 9416 6861 8288 5217 450 2723 2157 5322 9331 6289 7964 1694 7878 3084 758 
23 8351 5576 1256 2338 2176 8993 6977 5675 1516 9366 6129 8776 1413 2344 9824 9760 9494 651 9451 2208 2888 1410 2848 
25 3951 381 3966 5816 5991 3621 85 938 9879 6452 3345 6682 8936 2478 6034 8092 5800 1517 9745 1623 8411 2814 2836 2597 5821 
25 489 8642 5808 2141 9641 6062 8616 3748 2451 9092 7047 1656 577 8045 8186 7584 7596 2592 7300 936 8349 3237 5244 2830 218 
26 3156 41 3875 2207 3403 448 7278 6716 6734 9548 2232 1505 4619 7777 7497 6126 4943 8929 7540 1973 82 2269 86 5561 8744 4538 
25 6807 6786 2681 3146 8257 8534 3565 8748 521 6793 7549 6785 1317 5526 429 1361 8487 2011 6827 3408 2188 7039 4239 5629 5760 
26 3444 568 1625 5034 168 4285 4150 8693 1264 9407 214 34 4762 7620 2918 8140 8702 7061 5634 8859 1141 9756 8897 1226 8363 2145 
24 200 9820 8804 6379 751 2230 4970 1750 4135 2160 9375 1520 6091 7055 8491 2775 9063 4015 4295 9638 6185 4189 7756 2203 
26 837 4153 9561 5377 355 3785 688 5219 4101 1761 3339 6705 127 2381 2266 7607 2034 8931 609 2136 6158 706 4445 4108 8147 923 
