7 6599 2995 8725 2635 5832 4466 7566 
10 8033 2603 3039 2734 8598 42 7782 4115 3060 6600 
6 1179 9145 1785 8220 2417 1595 
11 9191 5371 3448 3183 5588 4904 6812 3592 8044 5777 9200 
7 1666 7318 8858 7320 1574 5354 8418 
8 9832 5260 4467 3190 3187 3491 4974 6488 
6 9738 7138 1808 9371 2182 750 
3 2822 1141 773 
3 6042 7995 3169 
5 6440 4523 6229 1577 6168 
5 2870 2600 3922 993 330 
3 3875 445 3701 
9 156 4172 2584 7851 7080 7576 701 7883 8476 
7 8232 6130 1999 3042 8424 8078 2766 
3 820 4065 4662 
5 6428 9392 9106 3123 8432 
6 6781 2098 2139 3766 5014 6578 
8 6430 295 3249 9581 3516 5482 2265 6231 
8 3117 6056 691 2440 8172 2772 6392 3503 
3 2851 2452 4632 
5 6340 6885 5455 2209 1492 
2 9321 3827 
7 327 6096 6613 2921 3709 6603 3242 
3 586 1587 1312 
4 3883 9168 8315 8462 
2 6424 2607 
4 7833 1813 9155 9669 
3 1717 654 3482 
10 9351 5959 4114 4967 7643 3425 389 3873 8980 4474 
7 3660 5634 9053 2586 3216 1753 2195 
3 6507 4052 159 
6 7136 2758 1711 1048 9601 6152 
7 9822 5604 8854 1959 2234 7674 9561 
6 7678 6933 3636 2922 7324 736 
2 9189 8394 
3 7653 5062 3198 
3 187 4141 3075 
3 9180 1386 2711 
2 7584 8546 
8 2150 4891 9141 1408 9014 7245 78 811 
3 1769 7148 2847 
3 5919 4764 2563 
2 7427 5944 
2 6808 9248 
4 8450 5046 9988 7191 
2 526 3265 
3 175 9282 6770 
2 8849 9688 
4 45 2223 4768 1938 
2 8057 4797 
2 7914 9157 
2 8946 4049 
2 602 8404 
3 4935 6638 1250 
2 4804 7708 
2 3145 5195 
2 2805 9194 
2 8099 816 
2 5552 1066 
3 8103 577 3877 
3 2717 9111 9718 
3 6423 4182 5370 
5 3831 3153 8995 6669 6912 
2 8724 3651 
5 3155 4189 4071 4616 5058 
1 9696 
3 4960 395 793 
2 3236 4214 
2 13 9440 
3 1579 3590 5130 
4 6975 9888 138 7581 
2 8551 1130 
1 4801 
3 7849 8544 5524 
2 8090 6826 
2 2672 6720 
2 3256 3693 
2 3902 1779 
2 7735 9735 
2 4322 626 
2 9742 7331 
2 7828 9202 
1 8644 
1 2156 
2 8097 1599 
2 3363 553 
2 8709 3782 
7 2368 6570 9861 493 1134 8786 6765 
2 1965 7613 
3 9151 6950 1143 
2 8595 2 
1 3240 
1 9814 
2 1641 3968 
2 9049 1817 
1 6330 
1 8453 
2 2993 548 
1 4469 
1 8502 
2 746 6785 
3 835 3423 8579 
2 4852 5097 
1 7229 
2 934 3452 
1 1187 
1 8607 
2 7901 4133 
1 4107 
2 9872 5555 
1 7132 
1 2830 
2 671 2813 
1 9054 
2 558 3856 
2 9284 2037 
1 4830 
2 3233 5632 
1 3384 
1 5673 
2 9714 8267 
1 4260 
1 3832 
1 3104 
3 6198 4760 6980 
2 9488 6347 
1 9246 
1 8372 
1 1788 
2 2823 2351 
1 5801 
1 4494 
1 7545 
1 8085 
1 5645 
1 7382 
2 6261 6021 
3 9475 1472 1339 
1 8299 
1 1824 
1 2550 
1 3581 
2 9543 7115 
1 625 
1 482 
1 4397 
1 9662 
1 688 
2 9890 3951 
2 9858 2506 
1 7642 
2 5876 2996 
1 8896 
1 9038 
1 9740 
2 7256 4190 
2 660 4349 
1 7855 
1 9764 
1 2146 
2 2378 6597 
1 1925 
1 2414 
1 8669 
2 5266 2091 
1 1942 
1 8545 
2 5254 5955 
1 1512 
1 7297 
1 2191 
1 2517 
1 5160 
1 7179 
2 9211 8130 
2 4077 1734 
1 280 
1 4501 
1 1125 
2 570 7794 
2 9328 7361 
1 3076 
1 9360 
2 5500 2335 
1 3756 
1 9447 
1 275 
2 666 3235 
1 6257 
2 4473 8952 
1 352 
1 8653 
1 8468 
1 3496 
1 3632 
2 1826 9594 
1 9538 
2 152 5262 
1 7205 
1 3247 
1 8406 
1 1568 
1 6956 
1 3209 
1 3775 
1 3562 
1 474 
2 3353 5383 
1 6982 
1 4805 
1 9960 
2 207 436 
1 1833 
1 8568 
1 4796 
1 8730 
1 2765 
1 8698 
1 1573 
1 4878 
1 1539 
2 6891 2841 
1 7539 
1 1204 
2 4611 6791 
2 5465 4581 
3 9435 7822 928 
1 9446 
2 8407 5516 
2 7633 5467 
1 3628 
1 2090 
1 5837 
2 5057 9445 
2 3815 9506 
1 7760 
1 9498 
1 3288 
1 1387 
1 2864 
1 5388 
1 3179 
1 7096 
2 4119 5147 
1 7216 
1 6668 
1 7313 
1 5049 
1 6683 
1 523 
1 8039 
1 5030 
1 3991 
2 2636 502 
1 2202 
1 2803 
1 8472 
1 3665 
1 5008 
1 3704 
1 8184 
1 1271 
1 1035 
1 6227 
1 4060 
1 4671 
2 3611 1917 
1 9288 
1 9887 
1 3025 
1 23 
1 1425 
1 6543 
2 4753 8183 
1 957 
1 7704 
1 27 
1 4447 
1 8504 
1 596 
1 3361 
1 5326 
2 4398 1365 
1 6610 
1 612 
1 9868 
1 6557 
2 7662 4166 
1 8383 
1 7574 
2 6845 6032 
1 7511 
1 8205 
1 5149 
1 8983 
1 2332 
1 4754 
1 3929 
1 7639 
1 8366 
1 8364 
1 8121 
1 4543 
1 3878 
1 9166 
1 4066 
1 534 
1 4303 
2 6197 4922 
1 8961 
1 9417 
1 5771 
1 6214 
1 8246 
1 5324 
1 2086 
1 3119 
1 4057 
1 2795 
1 7793 
1 9826 
1 8678 
1 5535 
1 9213 
1 4568 
2 2652 7011 
1 6154 
1 9820 
1 8177 
2 1109 8590 
1 6729 
1 8523 
1 5595 
1 9117 
1 1364 
1 1040 
1 4766 
1 5703 
1 9257 
1 1660 
1 4433 
1 7343 
1 687 
1 182 
1 6200 
2 6190 1818 
1 839 
1 8152 
1 5889 
1 4989 
